1305 408 341
281 243 -1 0
284 242 -1 0
283 242 -1 0
282 242 -1 0
281 242 -1 0
280 242 -1 0
279 242 -1 0
278 242 -1 0
285 241 -1 0
284 241 -1 0
283 241 -1 0
282 241 -1 0
281 241 -1 0
280 241 -1 0
279 241 -1 0
278 241 -1 0
277 241 -1 0
276 241 -1 0
150 241 -1 1
149 241 -1 1
285 240 -1 0
284 240 -1 0
283 240 -1 0
282 240 -1 0
281 240 -1 0
280 240 -1 0
279 240 -1 0
278 240 -1 0
277 240 -1 0
276 240 -1 0
275 240 -1 0
153 240 -1 1
152 240 -1 1
151 240 -1 1
150 240 -1 1
149 240 -1 1
148 240 -1 1
147 240 -1 1
146 240 -1 1
285 239 -1 0
284 239 -1 0
283 239 -1 0
282 239 -1 0
281 239 -1 0
280 239 -1 0
279 239 -1 0
278 239 -1 0
277 239 -1 0
276 239 -1 0
275 239 -1 0
154 239 -1 1
153 239 -1 1
152 239 -1 1
151 239 -1 1
150 239 -1 1
149 239 -1 1
148 239 -1 1
147 239 -1 1
146 239 -1 1
145 239 -1 1
286 238 -1 0
285 238 -1 0
284 238 -1 0
283 238 -1 0
282 238 -1 0
281 238 -1 0
280 238 -1 0
279 238 -1 0
278 238 -1 0
277 238 -1 0
276 238 -1 0
275 238 -1 0
274 238 -1 0
154 238 -1 1
153 238 -1 1
152 238 -1 1
151 238 -1 1
150 238 -1 1
149 238 -1 1
148 238 -1 1
147 238 -1 1
146 238 -1 1
145 238 -1 1
144 238 -1 1
143 238 -1 1
286 237 -1 0
285 237 -1 0
284 237 -1 0
283 237 -1 0
282 237 -1 0
281 237 -1 0
280 237 -1 0
279 237 -1 0
278 237 -1 0
277 237 -1 0
276 237 -1 0
275 237 -1 0
274 237 -1 0
273 237 -1 0
154 237 -1 1
153 237 -1 1
152 237 -1 1
151 237 -1 1
150 237 -1 1
149 237 -1 1
148 237 -1 1
147 237 -1 1
146 237 -1 1
145 237 -1 1
144 237 -1 1
143 237 -1 1
142 237 -1 1
285 236 -1 0
284 236 -1 0
283 236 -1 0
282 236 -1 0
281 236 -1 0
280 236 -1 0
279 236 -1 0
278 236 -1 0
277 236 -1 0
276 236 -1 0
275 236 -1 0
274 236 -1 0
273 236 -1 0
272 236 -1 0
155 236 -1 1
154 236 -1 1
153 236 -1 1
152 236 -1 1
151 236 -1 1
150 236 -1 1
149 236 -1 1
148 236 -1 1
147 236 -1 1
146 236 -1 1
145 236 -1 1
144 236 -1 1
143 236 -1 1
142 236 -1 1
141 236 -1 1
285 235 -1 0
284 235 -1 0
283 235 -1 0
282 235 -1 0
281 235 -1 0
280 235 -1 0
279 235 -1 0
278 235 -1 0
277 235 -1 0
276 235 -1 0
275 235 -1 0
274 235 -1 0
273 235 -1 0
272 235 -1 0
155 235 -1 1
154 235 -1 1
153 235 -1 1
152 235 -1 1
151 235 -1 1
150 235 -1 1
149 235 -1 1
148 235 -1 1
147 235 -1 1
146 235 -1 1
145 235 -1 1
144 235 -1 1
143 235 -1 1
142 235 -1 1
141 235 -1 1
140 235 -1 1
139 235 -1 1
138 235 -1 1
285 234 -1 0
284 234 -1 0
283 234 -1 0
282 234 -1 0
281 234 -1 0
280 234 -1 0
279 234 -1 0
278 234 -1 0
277 234 -1 0
276 234 -1 0
275 234 -1 0
274 234 -1 0
273 234 -1 0
272 234 -1 0
154 234 -1 1
153 234 -1 1
152 234 -1 1
151 234 -1 1
150 234 -1 1
149 234 -1 1
148 234 -1 1
147 234 -1 1
146 234 -1 1
145 234 -1 1
144 234 -1 1
143 234 -1 1
142 234 -1 1
141 234 -1 1
140 234 -1 1
139 234 -1 1
138 234 -1 1
137 234 -1 1
284 233 -1 0
283 233 -1 0
282 233 -1 0
281 233 -1 0
280 233 -1 0
279 233 -1 0
278 233 -1 0
277 233 -1 0
276 233 -1 0
275 233 -1 0
274 233 -1 0
273 233 -1 0
272 233 -1 0
271 233 -1 0
270 233 -1 0
269 233 -1 0
154 233 -1 1
153 233 -1 1
152 233 -1 1
151 233 -1 1
150 233 -1 1
149 233 -1 1
148 233 -1 1
147 233 -1 1
146 233 -1 1
145 233 -1 1
144 233 -1 1
143 233 -1 1
142 233 -1 1
141 233 -1 1
140 233 -1 1
139 233 -1 1
138 233 -1 1
137 233 -1 1
136 233 -1 1
283 232 -1 0
282 232 -1 0
281 232 -1 0
280 232 -1 0
279 232 -1 0
278 232 -1 0
277 232 -1 0
276 232 -1 0
275 232 -1 0
274 232 -1 0
273 232 -1 0
272 232 -1 0
271 232 -1 0
270 232 -1 0
269 232 -1 0
268 232 -1 0
154 232 -1 1
153 232 -1 1
152 232 -1 1
151 232 -1 1
150 232 -1 1
149 232 -1 1
148 232 -1 1
147 232 -1 1
146 232 -1 1
145 232 -1 1
144 232 -1 1
143 232 -1 1
142 232 -1 1
141 232 -1 1
140 232 -1 1
139 232 -1 1
138 232 -1 1
137 232 -1 1
136 232 -1 1
135 232 -1 1
134 232 -1 1
133 232 -1 1
131 232 -1 1
282 231 -1 0
281 231 -1 0
280 231 -1 0
279 231 -1 0
278 231 -1 0
277 231 -1 0
276 231 -1 0
275 231 -1 0
274 231 -1 0
273 231 -1 0
272 231 -1 0
271 231 -1 0
270 231 -1 0
269 231 -1 0
268 231 -1 0
153 231 -1 1
152 231 -1 1
151 231 -1 1
150 231 -1 1
149 231 -1 1
148 231 -1 1
147 231 -1 1
146 231 -1 1
145 231 -1 1
144 231 -1 1
143 231 -1 1
142 231 -1 1
141 231 -1 1
140 231 -1 1
139 231 -1 1
138 231 -1 1
137 231 -1 1
136 231 -1 1
135 231 -1 1
134 231 -1 1
133 231 -1 1
132 231 -1 1
131 231 -1 1
130 231 -1 1
129 231 -1 1
128 231 -1 1
126 231 -1 1
125 231 -1 1
123 231 -1 1
121 231 -1 1
120 231 -1 1
118 231 -1 1
116 231 -1 1
280 230 -1 0
279 230 -1 0
278 230 -1 0
277 230 -1 0
276 230 -1 0
275 230 -1 0
274 230 -1 0
273 230 -1 0
272 230 -1 0
271 230 -1 0
270 230 -1 0
269 230 -1 0
268 230 -1 0
267 230 -1 0
152 230 -1 1
151 230 -1 1
150 230 -1 1
149 230 -1 1
148 230 -1 1
147 230 -1 1
146 230 -1 1
145 230 -1 1
144 230 -1 1
143 230 -1 1
142 230 -1 1
141 230 -1 1
140 230 -1 1
139 230 -1 1
138 230 -1 1
137 230 -1 1
136 230 -1 1
135 230 -1 1
134 230 -1 1
133 230 -1 1
132 230 -1 1
131 230 -1 1
130 230 -1 1
129 230 -1 1
128 230 -1 1
127 230 -1 1
126 230 -1 1
125 230 -1 1
124 230 -1 1
123 230 -1 1
122 230 -1 1
121 230 -1 1
120 230 -1 1
119 230 -1 1
118 230 -1 1
117 230 -1 1
116 230 -1 1
115 230 -1 1
114 230 -1 1
113 230 -1 1
280 229 -1 0
279 229 -1 0
278 229 -1 0
277 229 -1 0
276 229 -1 0
275 229 -1 0
274 229 -1 0
273 229 -1 0
272 229 -1 0
271 229 -1 0
270 229 -1 0
269 229 -1 0
268 229 -1 0
267 229 -1 0
266 229 -1 0
149 229 -1 1
148 229 -1 1
147 229 -1 1
146 229 -1 1
145 229 -1 1
144 229 -1 1
143 229 -1 1
142 229 -1 1
141 229 -1 1
140 229 -1 1
139 229 -1 1
138 229 -1 1
137 229 -1 1
136 229 -1 1
135 229 -1 1
134 229 -1 1
133 229 -1 1
132 229 -1 1
131 229 -1 1
130 229 -1 1
129 229 -1 1
128 229 -1 1
127 229 -1 1
126 229 -1 1
125 229 -1 1
124 229 -1 1
123 229 -1 1
122 229 -1 1
121 229 -1 1
120 229 -1 1
119 229 -1 1
118 229 -1 1
117 229 -1 1
116 229 -1 1
115 229 -1 1
114 229 -1 1
113 229 -1 1
112 229 -1 1
279 228 -1 0
278 228 -1 0
277 228 -1 0
276 228 -1 0
275 228 -1 0
274 228 -1 0
273 228 -1 0
272 228 -1 0
271 228 -1 0
270 228 -1 0
269 228 -1 0
268 228 -1 0
267 228 -1 0
266 228 -1 0
265 228 -1 0
147 228 -1 1
146 228 -1 1
145 228 -1 1
144 228 -1 1
143 228 -1 1
142 228 -1 1
141 228 -1 1
140 228 -1 1
139 228 -1 1
138 228 -1 1
137 228 -1 1
136 228 -1 1
135 228 -1 1
134 228 -1 1
133 228 -1 1
132 228 -1 1
131 228 -1 1
130 228 -1 1
129 228 -1 1
128 228 -1 1
127 228 -1 1
126 228 -1 1
125 228 -1 1
124 228 -1 1
123 228 -1 1
122 228 -1 1
121 228 -1 1
120 228 -1 1
119 228 -1 1
118 228 -1 1
117 228 -1 1
116 228 -1 1
115 228 -1 1
114 228 -1 1
113 228 -1 1
112 228 -1 1
277 227 -1 0
276 227 -1 0
275 227 -1 0
274 227 -1 0
273 227 -1 0
272 227 -1 0
271 227 -1 0
270 227 -1 0
269 227 -1 0
268 227 -1 0
267 227 -1 0
266 227 -1 0
265 227 -1 0
146 227 -1 1
145 227 -1 1
144 227 -1 1
143 227 -1 1
142 227 -1 1
141 227 -1 1
140 227 -1 1
139 227 -1 1
138 227 -1 1
137 227 -1 1
136 227 -1 1
135 227 -1 1
134 227 -1 1
133 227 -1 1
132 227 -1 1
131 227 -1 1
130 227 -1 1
129 227 -1 1
128 227 -1 1
127 227 -1 1
126 227 -1 1
125 227 -1 1
124 227 -1 1
123 227 -1 1
122 227 -1 1
121 227 -1 1
120 227 -1 1
119 227 -1 1
118 227 -1 1
117 227 -1 1
116 227 -1 1
115 227 -1 1
114 227 -1 1
113 227 -1 1
112 227 -1 1
277 226 -1 0
276 226 -1 0
275 226 -1 0
274 226 -1 0
273 226 -1 0
272 226 -1 0
271 226 -1 0
270 226 -1 0
269 226 -1 0
268 226 -1 0
267 226 -1 0
266 226 -1 0
265 226 -1 0
264 226 -1 0
263 226 -1 0
144 226 -1 1
143 226 -1 1
142 226 -1 1
141 226 -1 1
140 226 -1 1
139 226 -1 1
138 226 -1 1
137 226 -1 1
136 226 -1 1
135 226 -1 1
134 226 -1 1
133 226 -1 1
132 226 -1 1
131 226 -1 1
130 226 -1 1
129 226 -1 1
128 226 -1 1
127 226 -1 1
126 226 -1 1
125 226 -1 1
124 226 -1 1
123 226 -1 1
122 226 -1 1
121 226 -1 1
120 226 -1 1
119 226 -1 1
118 226 -1 1
117 226 -1 1
116 226 -1 1
115 226 -1 1
114 226 -1 1
113 226 -1 1
112 226 -1 1
111 226 -1 1
276 225 -1 0
275 225 -1 0
274 225 -1 0
273 225 -1 0
272 225 -1 0
271 225 -1 0
270 225 -1 0
269 225 -1 0
268 225 -1 0
267 225 -1 0
266 225 -1 0
265 225 -1 0
264 225 -1 0
263 225 -1 0
262 225 -1 0
143 225 -1 1
142 225 -1 1
141 225 -1 1
140 225 -1 1
139 225 -1 1
138 225 -1 1
137 225 -1 1
136 225 -1 1
135 225 -1 1
134 225 -1 1
133 225 -1 1
132 225 -1 1
131 225 -1 1
130 225 -1 1
129 225 -1 1
128 225 -1 1
127 225 -1 1
126 225 -1 1
125 225 -1 1
124 225 -1 1
123 225 -1 1
122 225 -1 1
121 225 -1 1
120 225 -1 1
119 225 -1 1
118 225 -1 1
117 225 -1 1
116 225 -1 1
115 225 -1 1
114 225 -1 1
113 225 -1 1
112 225 -1 1
275 224 -1 0
274 224 -1 0
273 224 -1 0
272 224 -1 0
271 224 -1 0
270 224 -1 0
269 224 -1 0
268 224 -1 0
267 224 -1 0
266 224 -1 0
265 224 -1 0
264 224 -1 0
263 224 -1 0
262 224 -1 0
261 224 -1 0
141 224 -1 1
140 224 -1 1
139 224 -1 1
138 224 -1 1
137 224 -1 1
136 224 -1 1
135 224 -1 1
134 224 -1 1
133 224 -1 1
132 224 -1 1
131 224 -1 1
130 224 -1 1
129 224 -1 1
128 224 -1 1
127 224 -1 1
126 224 -1 1
125 224 -1 1
124 224 -1 1
123 224 -1 1
122 224 -1 1
121 224 -1 1
120 224 -1 1
119 224 -1 1
118 224 -1 1
117 224 -1 1
116 224 -1 1
115 224 -1 1
114 224 -1 1
113 224 -1 1
112 224 -1 1
274 223 -1 0
273 223 -1 0
272 223 -1 0
271 223 -1 0
270 223 -1 0
269 223 -1 0
268 223 -1 0
267 223 -1 0
266 223 -1 0
265 223 -1 0
264 223 -1 0
263 223 -1 0
262 223 -1 0
261 223 -1 0
260 223 -1 0
138 223 -1 1
137 223 -1 1
136 223 -1 1
135 223 -1 1
134 223 -1 1
133 223 -1 1
132 223 -1 1
131 223 -1 1
130 223 -1 1
129 223 -1 1
128 223 -1 1
127 223 -1 1
126 223 -1 1
125 223 -1 1
124 223 -1 1
123 223 -1 1
122 223 -1 1
121 223 -1 1
120 223 -1 1
119 223 -1 1
118 223 -1 1
117 223 -1 1
116 223 -1 1
115 223 -1 1
114 223 -1 1
113 223 -1 1
112 223 -1 1
273 222 -1 0
272 222 -1 0
271 222 -1 0
270 222 -1 0
269 222 -1 0
268 222 -1 0
267 222 -1 0
266 222 -1 0
265 222 -1 0
264 222 -1 0
263 222 -1 0
262 222 -1 0
261 222 -1 0
260 222 -1 0
135 222 -1 1
134 222 -1 1
133 222 -1 1
132 222 -1 1
131 222 -1 1
130 222 -1 1
129 222 -1 1
128 222 -1 1
127 222 -1 1
126 222 -1 1
125 222 -1 1
124 222 -1 1
123 222 -1 1
122 222 -1 1
121 222 -1 1
120 222 -1 1
119 222 -1 1
118 222 -1 1
117 222 -1 1
116 222 -1 1
115 222 -1 1
114 222 -1 1
113 222 -1 1
272 221 -1 0
271 221 -1 0
270 221 -1 0
269 221 -1 0
268 221 -1 0
267 221 -1 0
266 221 -1 0
265 221 -1 0
264 221 -1 0
263 221 -1 0
262 221 -1 0
261 221 -1 0
260 221 -1 0
259 221 -1 0
258 221 -1 0
130 221 -1 1
129 221 -1 1
128 221 -1 1
126 221 -1 1
125 221 -1 1
123 221 -1 1
121 221 -1 1
120 221 -1 1
118 221 -1 1
116 221 -1 1
270 220 -1 0
269 220 -1 0
268 220 -1 0
267 220 -1 0
266 220 -1 0
265 220 -1 0
264 220 -1 0
263 220 -1 0
262 220 -1 0
261 220 -1 0
260 220 -1 0
259 220 -1 0
258 220 -1 0
257 220 -1 0
270 219 -1 0
269 219 -1 0
268 219 -1 0
267 219 -1 0
266 219 -1 0
265 219 -1 0
264 219 -1 0
263 219 -1 0
262 219 -1 0
261 219 -1 0
260 219 -1 0
259 219 -1 0
258 219 -1 0
257 219 -1 0
269 218 -1 0
268 218 -1 0
267 218 -1 0
266 218 -1 0
265 218 -1 0
264 218 -1 0
263 218 -1 0
262 218 -1 0
261 218 -1 0
260 218 -1 0
259 218 -1 0
258 218 -1 0
257 218 -1 0
268 217 -1 0
267 217 -1 0
266 217 -1 0
265 217 -1 0
264 217 -1 0
263 217 -1 0
262 217 -1 0
261 217 -1 0
260 217 -1 0
259 217 -1 0
258 217 -1 0
257 217 -1 0
256 217 -1 0
255 217 -1 0
254 217 -1 0
267 216 -1 0
266 216 -1 0
265 216 -1 0
264 216 -1 0
263 216 -1 0
262 216 -1 0
261 216 -1 0
260 216 -1 0
259 216 -1 0
258 216 -1 0
257 216 -1 0
256 216 -1 0
255 216 -1 0
254 216 -1 0
253 216 -1 0
266 215 -1 0
265 215 -1 0
264 215 -1 0
263 215 -1 0
262 215 -1 0
261 215 -1 0
260 215 -1 0
259 215 -1 0
258 215 -1 0
257 215 -1 0
256 215 -1 0
255 215 -1 0
254 215 -1 0
253 215 -1 0
266 214 -1 0
265 214 -1 0
264 214 -1 0
263 214 -1 0
262 214 -1 0
261 214 -1 0
260 214 -1 0
259 214 -1 0
258 214 -1 0
257 214 -1 0
256 214 -1 0
255 214 -1 0
254 214 -1 0
253 214 -1 0
265 213 -1 0
264 213 -1 0
263 213 -1 0
262 213 -1 0
261 213 -1 0
260 213 -1 0
259 213 -1 0
258 213 -1 0
257 213 -1 0
256 213 -1 0
255 213 -1 0
254 213 -1 0
253 213 -1 0
252 213 -1 0
251 213 -1 0
250 213 -1 0
262 212 -1 0
261 212 -1 0
260 212 -1 0
259 212 -1 0
258 212 -1 0
257 212 -1 0
256 212 -1 0
255 212 -1 0
254 212 -1 0
253 212 -1 0
252 212 -1 0
251 212 -1 0
250 212 -1 0
249 212 -1 0
262 211 -1 0
261 211 -1 0
260 211 -1 0
259 211 -1 0
258 211 -1 0
257 211 -1 0
256 211 -1 0
255 211 -1 0
254 211 -1 0
253 211 -1 0
252 211 -1 0
251 211 -1 0
250 211 -1 0
249 211 -1 0
262 210 -1 0
261 210 -1 0
260 210 -1 0
259 210 -1 0
258 210 -1 0
257 210 -1 0
256 210 -1 0
255 210 -1 0
254 210 -1 0
253 210 -1 0
252 210 -1 0
251 210 -1 0
250 210 -1 0
249 210 -1 0
261 209 -1 0
260 209 -1 0
259 209 -1 0
258 209 -1 0
257 209 -1 0
256 209 -1 0
255 209 -1 0
254 209 -1 0
253 209 -1 0
252 209 -1 0
251 209 -1 0
250 209 -1 0
249 209 -1 0
248 209 -1 0
258 208 -1 0
257 208 -1 0
256 208 -1 0
255 208 -1 0
254 208 -1 0
253 208 -1 0
252 208 -1 0
251 208 -1 0
250 208 -1 0
249 208 -1 0
248 208 -1 0
258 207 -1 0
257 207 -1 0
256 207 -1 0
255 207 -1 0
254 207 -1 0
253 207 -1 0
252 207 -1 0
251 207 -1 0
250 207 -1 0
249 207 -1 0
248 207 -1 0
247 207 -1 0
246 207 -1 0
245 207 -1 0
258 206 -1 0
257 206 -1 0
256 206 -1 0
255 206 -1 0
254 206 -1 0
253 206 -1 0
252 206 -1 0
251 206 -1 0
250 206 -1 0
249 206 -1 0
248 206 -1 0
247 206 -1 0
246 206 -1 0
245 206 -1 0
244 206 -1 0
257 205 -1 0
256 205 -1 0
255 205 -1 0
254 205 -1 0
253 205 -1 0
252 205 -1 0
251 205 -1 0
250 205 -1 0
249 205 -1 0
248 205 -1 0
247 205 -1 0
246 205 -1 0
245 205 -1 0
244 205 -1 0
256 204 -1 0
255 204 -1 0
254 204 -1 0
253 204 -1 0
252 204 -1 0
251 204 -1 0
250 204 -1 0
249 204 -1 0
248 204 -1 0
247 204 -1 0
246 204 -1 0
245 204 -1 0
244 204 -1 0
243 204 -1 0
253 203 -1 0
252 203 -1 0
251 203 -1 0
250 203 -1 0
249 203 -1 0
248 203 -1 0
247 203 -1 0
246 203 -1 0
245 203 -1 0
244 203 -1 0
243 203 -1 0
242 203 -1 0
241 203 -1 0
240 203 -1 0
252 202 -1 0
251 202 -1 0
250 202 -1 0
249 202 -1 0
248 202 -1 0
247 202 -1 0
246 202 -1 0
245 202 -1 0
244 202 -1 0
243 202 -1 0
242 202 -1 0
241 202 -1 0
240 202 -1 0
239 202 -1 0
252 201 -1 0
251 201 -1 0
250 201 -1 0
249 201 -1 0
248 201 -1 0
247 201 -1 0
246 201 -1 0
245 201 -1 0
244 201 -1 0
243 201 -1 0
242 201 -1 0
241 201 -1 0
240 201 -1 0
239 201 -1 0
252 200 -1 0
251 200 -1 0
250 200 -1 0
249 200 -1 0
248 200 -1 0
247 200 -1 0
246 200 -1 0
245 200 -1 0
244 200 -1 0
243 200 -1 0
242 200 -1 0
241 200 -1 0
240 200 -1 0
239 200 -1 0
251 199 -1 0
250 199 -1 0
249 199 -1 0
248 199 -1 0
247 199 -1 0
246 199 -1 0
245 199 -1 0
244 199 -1 0
243 199 -1 0
242 199 -1 0
241 199 -1 0
240 199 -1 0
239 199 -1 0
238 199 -1 0
237 199 -1 0
236 199 -1 0
234 199 -1 0
233 199 -1 0
232 199 -1 0
231 199 -1 0
229 199 -1 0
228 199 -1 0
248 198 -1 0
247 198 -1 0
246 198 -1 0
245 198 -1 0
244 198 -1 0
243 198 -1 0
242 198 -1 0
241 198 -1 0
240 198 -1 0
239 198 -1 0
238 198 -1 0
237 198 -1 0
236 198 -1 0
235 198 -1 0
234 198 -1 0
233 198 -1 0
232 198 -1 0
231 198 -1 0
230 198 -1 0
229 198 -1 0
228 198 -1 0
227 198 -1 0
226 198 -1 0
225 198 -1 0
248 197 -1 0
247 197 -1 0
246 197 -1 0
245 197 -1 0
244 197 -1 0
243 197 -1 0
242 197 -1 0
241 197 -1 0
240 197 -1 0
239 197 -1 0
238 197 -1 0
237 197 -1 0
236 197 -1 0
235 197 -1 0
234 197 -1 0
233 197 -1 0
232 197 -1 0
231 197 -1 0
230 197 -1 0
229 197 -1 0
228 197 -1 0
227 197 -1 0
226 197 -1 0
225 197 -1 0
224 197 -1 0
248 196 -1 0
247 196 -1 0
246 196 -1 0
245 196 -1 0
244 196 -1 0
243 196 -1 0
242 196 -1 0
241 196 -1 0
240 196 -1 0
239 196 -1 0
238 196 -1 0
237 196 -1 0
236 196 -1 0
235 196 -1 0
234 196 -1 0
233 196 -1 0
232 196 -1 0
231 196 -1 0
230 196 -1 0
229 196 -1 0
228 196 -1 0
227 196 -1 0
226 196 -1 0
225 196 -1 0
224 196 -1 0
247 195 -1 0
246 195 -1 0
245 195 -1 0
244 195 -1 0
243 195 -1 0
242 195 -1 0
241 195 -1 0
240 195 -1 0
239 195 -1 0
238 195 -1 0
237 195 -1 0
236 195 -1 0
235 195 -1 0
234 195 -1 0
233 195 -1 0
232 195 -1 0
231 195 -1 0
230 195 -1 0
229 195 -1 0
228 195 -1 0
227 195 -1 0
226 195 -1 0
225 195 -1 0
224 195 -1 0
246 194 -1 0
245 194 -1 0
244 194 -1 0
243 194 -1 0
242 194 -1 0
241 194 -1 0
240 194 -1 0
239 194 -1 0
238 194 -1 0
237 194 -1 0
236 194 -1 0
235 194 -1 0
234 194 -1 0
233 194 -1 0
232 194 -1 0
231 194 -1 0
230 194 -1 0
229 194 -1 0
228 194 -1 0
227 194 -1 0
226 194 -1 0
225 194 -1 0
224 194 -1 0
223 194 -1 0
243 193 -1 0
242 193 -1 0
241 193 -1 0
240 193 -1 0
239 193 -1 0
238 193 -1 0
237 193 -1 0
236 193 -1 0
235 193 -1 0
234 193 -1 0
233 193 -1 0
232 193 -1 0
231 193 -1 0
230 193 -1 0
229 193 -1 0
228 193 -1 0
227 193 -1 0
226 193 -1 0
225 193 -1 0
224 193 -1 0
243 192 -1 0
242 192 -1 0
241 192 -1 0
240 192 -1 0
239 192 -1 0
238 192 -1 0
237 192 -1 0
236 192 -1 0
235 192 -1 0
234 192 -1 0
233 192 -1 0
232 192 -1 0
231 192 -1 0
230 192 -1 0
229 192 -1 0
228 192 -1 0
227 192 -1 0
226 192 -1 0
225 192 -1 0
224 192 -1 0
243 191 -1 0
242 191 -1 0
241 191 -1 0
240 191 -1 0
239 191 -1 0
238 191 -1 0
237 191 -1 0
236 191 -1 0
235 191 -1 0
234 191 -1 0
233 191 -1 0
232 191 -1 0
231 191 -1 0
230 191 -1 0
229 191 -1 0
228 191 -1 0
227 191 -1 0
226 191 -1 0
225 191 -1 0
224 191 -1 0
242 190 -1 0
241 190 -1 0
240 190 -1 0
239 190 -1 0
238 190 -1 0
237 190 -1 0
236 190 -1 0
235 190 -1 0
234 190 -1 0
233 190 -1 0
232 190 -1 0
231 190 -1 0
230 190 -1 0
229 190 -1 0
228 190 -1 0
227 190 -1 0
226 190 -1 0
225 190 -1 0
239 189 -1 0
238 189 -1 0
237 189 -1 0
236 189 -1 0
234 189 -1 0
233 189 -1 0
232 189 -1 0
231 189 -1 0
229 189 -1 0
228 189 -1 0
