890 408 341
182 198 -1 1
181 198 -1 1
185 197 -1 1
184 197 -1 1
183 197 -1 1
182 197 -1 1
181 197 -1 1
180 197 -1 1
179 197 -1 1
178 197 -1 1
186 196 -1 1
185 196 -1 1
184 196 -1 1
183 196 -1 1
182 196 -1 1
181 196 -1 1
180 196 -1 1
179 196 -1 1
178 196 -1 1
177 196 -1 1
186 195 -1 1
185 195 -1 1
184 195 -1 1
183 195 -1 1
182 195 -1 1
181 195 -1 1
180 195 -1 1
179 195 -1 1
178 195 -1 1
177 195 -1 1
188 194 -1 1
187 194 -1 1
186 194 -1 1
185 194 -1 1
184 194 -1 1
183 194 -1 1
182 194 -1 1
181 194 -1 1
180 194 -1 1
179 194 -1 1
178 194 -1 1
177 194 -1 1
189 193 -1 1
188 193 -1 1
187 193 -1 1
186 193 -1 1
185 193 -1 1
184 193 -1 1
183 193 -1 1
182 193 -1 1
181 193 -1 1
180 193 -1 1
179 193 -1 1
178 193 -1 1
177 193 -1 1
176 193 -1 1
189 192 -1 1
188 192 -1 1
187 192 -1 1
186 192 -1 1
185 192 -1 1
184 192 -1 1
183 192 -1 1
182 192 -1 1
181 192 -1 1
180 192 -1 1
179 192 -1 1
178 192 -1 1
177 192 -1 1
190 191 -1 1
189 191 -1 1
188 191 -1 1
187 191 -1 1
186 191 -1 1
185 191 -1 1
184 191 -1 1
183 191 -1 1
182 191 -1 1
181 191 -1 1
180 191 -1 1
179 191 -1 1
178 191 -1 1
177 191 -1 1
193 190 -1 1
192 190 -1 1
191 190 -1 1
190 190 -1 1
189 190 -1 1
188 190 -1 1
187 190 -1 1
186 190 -1 1
185 190 -1 1
184 190 -1 1
183 190 -1 1
182 190 -1 1
181 190 -1 1
180 190 -1 1
179 190 -1 1
178 190 -1 1
177 190 -1 1
194 189 -1 1
193 189 -1 1
192 189 -1 1
191 189 -1 1
190 189 -1 1
189 189 -1 1
188 189 -1 1
187 189 -1 1
186 189 -1 1
185 189 -1 1
184 189 -1 1
183 189 -1 1
182 189 -1 1
181 189 -1 1
180 189 -1 1
179 189 -1 1
178 189 -1 1
195 188 -1 1
194 188 -1 1
193 188 -1 1
192 188 -1 1
191 188 -1 1
190 188 -1 1
189 188 -1 1
188 188 -1 1
187 188 -1 1
186 188 -1 1
185 188 -1 1
184 188 -1 1
183 188 -1 1
182 188 -1 1
181 188 -1 1
180 188 -1 1
179 188 -1 1
195 187 -1 1
194 187 -1 1
193 187 -1 1
192 187 -1 1
191 187 -1 1
190 187 -1 1
189 187 -1 1
188 187 -1 1
187 187 -1 1
186 187 -1 1
185 187 -1 1
184 187 -1 1
183 187 -1 1
182 187 -1 1
181 187 -1 1
180 187 -1 1
179 187 -1 1
195 186 -1 1
194 186 -1 1
193 186 -1 1
192 186 -1 1
191 186 -1 1
190 186 -1 1
189 186 -1 1
188 186 -1 1
187 186 -1 1
186 186 -1 1
185 186 -1 1
184 186 -1 1
183 186 -1 1
182 186 -1 1
181 186 -1 1
180 186 -1 1
196 185 -1 1
195 185 -1 1
194 185 -1 1
193 185 -1 1
192 185 -1 1
191 185 -1 1
190 185 -1 1
189 185 -1 1
188 185 -1 1
187 185 -1 1
186 185 -1 1
185 185 -1 1
184 185 -1 1
183 185 -1 1
182 185 -1 1
196 184 -1 1
195 184 -1 1
194 184 -1 1
193 184 -1 1
192 184 -1 1
191 184 -1 1
190 184 -1 1
189 184 -1 1
188 184 -1 1
187 184 -1 1
186 184 -1 1
185 184 -1 1
184 184 -1 1
183 184 -1 1
182 184 -1 1
197 183 -1 1
196 183 -1 1
195 183 -1 1
194 183 -1 1
193 183 -1 1
192 183 -1 1
191 183 -1 1
190 183 -1 1
189 183 -1 1
188 183 -1 1
187 183 -1 1
186 183 -1 1
185 183 -1 1
184 183 -1 1
183 183 -1 1
199 182 -1 1
198 182 -1 1
197 182 -1 1
196 182 -1 1
195 182 -1 1
194 182 -1 1
193 182 -1 1
192 182 -1 1
191 182 -1 1
190 182 -1 1
189 182 -1 1
188 182 -1 1
187 182 -1 1
186 182 -1 1
185 182 -1 1
184 182 -1 1
200 181 -1 1
199 181 -1 1
198 181 -1 1
197 181 -1 1
196 181 -1 1
195 181 -1 1
194 181 -1 1
193 181 -1 1
192 181 -1 1
191 181 -1 1
190 181 -1 1
189 181 -1 1
188 181 -1 1
187 181 -1 1
200 180 -1 1
199 180 -1 1
198 180 -1 1
197 180 -1 1
196 180 -1 1
195 180 -1 1
194 180 -1 1
193 180 -1 1
192 180 -1 1
191 180 -1 1
190 180 -1 1
189 180 -1 1
188 180 -1 1
187 180 -1 1
200 179 -1 1
199 179 -1 1
198 179 -1 1
197 179 -1 1
196 179 -1 1
195 179 -1 1
194 179 -1 1
193 179 -1 1
192 179 -1 1
191 179 -1 1
190 179 -1 1
189 179 -1 1
188 179 -1 1
201 178 -1 1
200 178 -1 1
199 178 -1 1
198 178 -1 1
197 178 -1 1
196 178 -1 1
195 178 -1 1
194 178 -1 1
193 178 -1 1
192 178 -1 1
191 178 -1 1
190 178 -1 1
189 178 -1 1
188 178 -1 1
200 177 -1 1
199 177 -1 1
198 177 -1 1
197 177 -1 1
196 177 -1 1
195 177 -1 1
194 177 -1 1
193 177 -1 1
192 177 -1 1
191 177 -1 1
190 177 -1 1
189 177 -1 1
200 176 -1 1
199 176 -1 1
198 176 -1 1
197 176 -1 1
196 176 -1 1
195 176 -1 1
194 176 -1 1
193 176 -1 1
192 176 -1 1
191 176 -1 1
190 176 -1 1
200 175 -1 1
199 175 -1 1
198 175 -1 1
197 175 -1 1
196 175 -1 1
195 175 -1 1
194 175 -1 1
193 175 -1 1
192 175 -1 1
191 175 -1 1
199 174 -1 1
198 174 -1 1
197 174 -1 1
196 174 -1 1
195 174 -1 1
194 174 -1 1
193 174 -1 1
192 174 -1 1
196 173 -1 1
195 173 -1 1
78 171 -1 0
81 170 -1 0
80 170 -1 0
79 170 -1 0
78 170 -1 0
77 170 -1 0
76 170 -1 0
75 170 -1 0
82 169 -1 0
81 169 -1 0
80 169 -1 0
79 169 -1 0
78 169 -1 0
77 169 -1 0
76 169 -1 0
75 169 -1 0
74 169 -1 0
82 168 -1 0
81 168 -1 0
80 168 -1 0
79 168 -1 0
78 168 -1 0
77 168 -1 0
76 168 -1 0
75 168 -1 0
74 168 -1 0
82 167 -1 0
81 167 -1 0
80 167 -1 0
79 167 -1 0
78 167 -1 0
77 167 -1 0
76 167 -1 0
75 167 -1 0
74 167 -1 0
83 166 -1 0
82 166 -1 0
81 166 -1 0
80 166 -1 0
79 166 -1 0
78 166 -1 0
77 166 -1 0
76 166 -1 0
75 166 -1 0
74 166 -1 0
73 166 -1 0
83 165 -1 0
82 165 -1 0
81 165 -1 0
80 165 -1 0
79 165 -1 0
78 165 -1 0
77 165 -1 0
76 165 -1 0
75 165 -1 0
74 165 -1 0
83 164 -1 0
82 164 -1 0
81 164 -1 0
80 164 -1 0
79 164 -1 0
78 164 -1 0
77 164 -1 0
76 164 -1 0
75 164 -1 0
74 164 -1 0
73 164 -1 0
83 163 -1 0
82 163 -1 0
81 163 -1 0
80 163 -1 0
79 163 -1 0
78 163 -1 0
77 163 -1 0
76 163 -1 0
75 163 -1 0
74 163 -1 0
73 163 -1 0
84 162 -1 0
83 162 -1 0
82 162 -1 0
81 162 -1 0
80 162 -1 0
79 162 -1 0
78 162 -1 0
77 162 -1 0
76 162 -1 0
75 162 -1 0
74 162 -1 0
83 161 -1 0
82 161 -1 0
81 161 -1 0
80 161 -1 0
79 161 -1 0
78 161 -1 0
77 161 -1 0
76 161 -1 0
75 161 -1 0
74 161 -1 0
83 160 -1 0
82 160 -1 0
81 160 -1 0
80 160 -1 0
79 160 -1 0
78 160 -1 0
77 160 -1 0
76 160 -1 0
75 160 -1 0
74 160 -1 0
84 159 -1 0
83 159 -1 0
82 159 -1 0
81 159 -1 0
80 159 -1 0
79 159 -1 0
78 159 -1 0
77 159 -1 0
76 159 -1 0
75 159 -1 0
74 159 -1 0
84 158 -1 0
83 158 -1 0
82 158 -1 0
81 158 -1 0
80 158 -1 0
79 158 -1 0
78 158 -1 0
77 158 -1 0
76 158 -1 0
75 158 -1 0
74 158 -1 0
84 157 -1 0
83 157 -1 0
82 157 -1 0
81 157 -1 0
80 157 -1 0
79 157 -1 0
78 157 -1 0
77 157 -1 0
76 157 -1 0
75 157 -1 0
74 157 -1 0
84 156 -1 0
83 156 -1 0
82 156 -1 0
81 156 -1 0
80 156 -1 0
79 156 -1 0
78 156 -1 0
77 156 -1 0
76 156 -1 0
75 156 -1 0
74 156 -1 0
84 155 -1 0
83 155 -1 0
82 155 -1 0
81 155 -1 0
80 155 -1 0
79 155 -1 0
78 155 -1 0
77 155 -1 0
76 155 -1 0
75 155 -1 0
85 154 -1 0
84 154 -1 0
83 154 -1 0
82 154 -1 0
81 154 -1 0
80 154 -1 0
79 154 -1 0
78 154 -1 0
77 154 -1 0
76 154 -1 0
75 154 -1 0
74 154 -1 0
85 153 -1 0
84 153 -1 0
83 153 -1 0
82 153 -1 0
81 153 -1 0
80 153 -1 0
79 153 -1 0
78 153 -1 0
77 153 -1 0
76 153 -1 0
75 153 -1 0
86 152 -1 0
85 152 -1 0
84 152 -1 0
83 152 -1 0
82 152 -1 0
81 152 -1 0
80 152 -1 0
79 152 -1 0
78 152 -1 0
77 152 -1 0
76 152 -1 0
75 152 -1 0
86 151 -1 0
85 151 -1 0
84 151 -1 0
83 151 -1 0
82 151 -1 0
81 151 -1 0
80 151 -1 0
79 151 -1 0
78 151 -1 0
77 151 -1 0
76 151 -1 0
75 151 -1 0
86 150 -1 0
85 150 -1 0
84 150 -1 0
83 150 -1 0
82 150 -1 0
81 150 -1 0
80 150 -1 0
79 150 -1 0
78 150 -1 0
77 150 -1 0
76 150 -1 0
87 149 -1 0
86 149 -1 0
85 149 -1 0
84 149 -1 0
83 149 -1 0
82 149 -1 0
81 149 -1 0
80 149 -1 0
79 149 -1 0
78 149 -1 0
77 149 -1 0
76 149 -1 0
75 149 -1 0
87 148 -1 0
86 148 -1 0
85 148 -1 0
84 148 -1 0
83 148 -1 0
82 148 -1 0
81 148 -1 0
80 148 -1 0
79 148 -1 0
78 148 -1 0
77 148 -1 0
76 148 -1 0
87 147 -1 0
86 147 -1 0
85 147 -1 0
84 147 -1 0
83 147 -1 0
82 147 -1 0
81 147 -1 0
80 147 -1 0
79 147 -1 0
78 147 -1 0
77 147 -1 0
76 147 -1 0
87 146 -1 0
86 146 -1 0
85 146 -1 0
84 146 -1 0
83 146 -1 0
82 146 -1 0
81 146 -1 0
80 146 -1 0
79 146 -1 0
78 146 -1 0
77 146 -1 0
76 146 -1 0
87 145 -1 0
86 145 -1 0
85 145 -1 0
84 145 -1 0
83 145 -1 0
82 145 -1 0
81 145 -1 0
80 145 -1 0
79 145 -1 0
78 145 -1 0
77 145 -1 0
87 144 -1 0
86 144 -1 0
85 144 -1 0
84 144 -1 0
83 144 -1 0
82 144 -1 0
81 144 -1 0
80 144 -1 0
79 144 -1 0
78 144 -1 0
77 144 -1 0
88 143 -1 0
87 143 -1 0
86 143 -1 0
85 143 -1 0
84 143 -1 0
83 143 -1 0
82 143 -1 0
81 143 -1 0
80 143 -1 0
79 143 -1 0
78 143 -1 0
88 142 -1 0
87 142 -1 0
86 142 -1 0
85 142 -1 0
84 142 -1 0
83 142 -1 0
82 142 -1 0
81 142 -1 0
80 142 -1 0
79 142 -1 0
78 142 -1 0
88 141 -1 0
87 141 -1 0
86 141 -1 0
85 141 -1 0
84 141 -1 0
83 141 -1 0
82 141 -1 0
81 141 -1 0
80 141 -1 0
79 141 -1 0
78 141 -1 0
88 140 -1 0
87 140 -1 0
86 140 -1 0
85 140 -1 0
84 140 -1 0
83 140 -1 0
82 140 -1 0
81 140 -1 0
80 140 -1 0
79 140 -1 0
89 139 -1 0
88 139 -1 0
87 139 -1 0
86 139 -1 0
85 139 -1 0
84 139 -1 0
83 139 -1 0
82 139 -1 0
81 139 -1 0
80 139 -1 0
79 139 -1 0
89 138 -1 0
88 138 -1 0
87 138 -1 0
86 138 -1 0
85 138 -1 0
84 138 -1 0
83 138 -1 0
82 138 -1 0
81 138 -1 0
80 138 -1 0
79 138 -1 0
89 137 -1 0
88 137 -1 0
87 137 -1 0
86 137 -1 0
85 137 -1 0
84 137 -1 0
83 137 -1 0
82 137 -1 0
81 137 -1 0
80 137 -1 0
79 137 -1 0
90 136 -1 0
89 136 -1 0
88 136 -1 0
87 136 -1 0
86 136 -1 0
85 136 -1 0
84 136 -1 0
83 136 -1 0
82 136 -1 0
81 136 -1 0
80 136 -1 0
91 135 -1 0
90 135 -1 0
89 135 -1 0
88 135 -1 0
87 135 -1 0
86 135 -1 0
85 135 -1 0
84 135 -1 0
83 135 -1 0
82 135 -1 0
81 135 -1 0
80 135 -1 0
91 134 -1 0
90 134 -1 0
89 134 -1 0
88 134 -1 0
87 134 -1 0
86 134 -1 0
85 134 -1 0
84 134 -1 0
83 134 -1 0
82 134 -1 0
81 134 -1 0
80 134 -1 0
91 133 -1 0
90 133 -1 0
89 133 -1 0
88 133 -1 0
87 133 -1 0
86 133 -1 0
85 133 -1 0
84 133 -1 0
83 133 -1 0
82 133 -1 0
81 133 -1 0
92 132 -1 0
91 132 -1 0
90 132 -1 0
89 132 -1 0
88 132 -1 0
87 132 -1 0
86 132 -1 0
85 132 -1 0
84 132 -1 0
83 132 -1 0
82 132 -1 0
92 131 -1 0
91 131 -1 0
90 131 -1 0
89 131 -1 0
88 131 -1 0
87 131 -1 0
86 131 -1 0
85 131 -1 0
84 131 -1 0
83 131 -1 0
82 131 -1 0
92 130 -1 0
91 130 -1 0
90 130 -1 0
89 130 -1 0
88 130 -1 0
87 130 -1 0
86 130 -1 0
85 130 -1 0
84 130 -1 0
83 130 -1 0
93 129 -1 0
92 129 -1 0
91 129 -1 0
90 129 -1 0
89 129 -1 0
88 129 -1 0
87 129 -1 0
86 129 -1 0
85 129 -1 0
84 129 -1 0
83 129 -1 0
92 128 -1 0
91 128 -1 0
90 128 -1 0
89 128 -1 0
88 128 -1 0
87 128 -1 0
86 128 -1 0
85 128 -1 0
84 128 -1 0
83 128 -1 0
93 127 -1 0
92 127 -1 0
91 127 -1 0
90 127 -1 0
89 127 -1 0
88 127 -1 0
87 127 -1 0
86 127 -1 0
85 127 -1 0
84 127 -1 0
83 127 -1 0
93 126 -1 0
92 126 -1 0
91 126 -1 0
90 126 -1 0
89 126 -1 0
88 126 -1 0
87 126 -1 0
86 126 -1 0
85 126 -1 0
84 126 -1 0
83 126 -1 0
92 125 -1 0
91 125 -1 0
90 125 -1 0
89 125 -1 0
88 125 -1 0
87 125 -1 0
86 125 -1 0
85 125 -1 0
84 125 -1 0
93 124 -1 0
92 124 -1 0
91 124 -1 0
90 124 -1 0
89 124 -1 0
88 124 -1 0
87 124 -1 0
86 124 -1 0
85 124 -1 0
84 124 -1 0
83 124 -1 0
92 123 -1 0
91 123 -1 0
90 123 -1 0
89 123 -1 0
88 123 -1 0
87 123 -1 0
86 123 -1 0
85 123 -1 0
84 123 -1 0
93 122 -1 0
92 122 -1 0
91 122 -1 0
90 122 -1 0
89 122 -1 0
88 122 -1 0
87 122 -1 0
86 122 -1 0
85 122 -1 0
84 122 -1 0
83 122 -1 0
92 121 -1 0
91 121 -1 0
90 121 -1 0
89 121 -1 0
88 121 -1 0
87 121 -1 0
86 121 -1 0
85 121 -1 0
84 121 -1 0
92 120 -1 0
91 120 -1 0
90 120 -1 0
89 120 -1 0
88 120 -1 0
87 120 -1 0
86 120 -1 0
85 120 -1 0
84 120 -1 0
92 119 -1 0
91 119 -1 0
90 119 -1 0
89 119 -1 0
88 119 -1 0
87 119 -1 0
86 119 -1 0
85 119 -1 0
84 119 -1 0
91 118 -1 0
90 118 -1 0
89 118 -1 0
88 118 -1 0
87 118 -1 0
86 118 -1 0
85 118 -1 0
88 117 -1 0
