1007 408 341
368 197 -1 1
371 196 -1 1
370 196 -1 1
369 196 -1 1
368 196 -1 1
367 196 -1 1
366 196 -1 1
365 196 -1 1
372 195 -1 1
371 195 -1 1
370 195 -1 1
369 195 -1 1
368 195 -1 1
367 195 -1 1
366 195 -1 1
365 195 -1 1
364 195 -1 1
373 194 -1 1
372 194 -1 1
371 194 -1 1
370 194 -1 1
369 194 -1 1
368 194 -1 1
367 194 -1 1
366 194 -1 1
365 194 -1 1
364 194 -1 1
373 193 -1 1
372 193 -1 1
371 193 -1 1
370 193 -1 1
369 193 -1 1
368 193 -1 1
367 193 -1 1
366 193 -1 1
365 193 -1 1
364 193 -1 1
373 192 -1 1
372 192 -1 1
371 192 -1 1
370 192 -1 1
369 192 -1 1
368 192 -1 1
367 192 -1 1
366 192 -1 1
365 192 -1 1
364 192 -1 1
363 192 -1 1
374 191 -1 1
373 191 -1 1
372 191 -1 1
371 191 -1 1
370 191 -1 1
369 191 -1 1
368 191 -1 1
367 191 -1 1
366 191 -1 1
365 191 -1 1
364 191 -1 1
363 191 -1 1
375 190 -1 1
374 190 -1 1
373 190 -1 1
372 190 -1 1
371 190 -1 1
370 190 -1 1
369 190 -1 1
368 190 -1 1
367 190 -1 1
366 190 -1 1
365 190 -1 1
364 190 -1 1
376 189 -1 1
375 189 -1 1
374 189 -1 1
373 189 -1 1
372 189 -1 1
371 189 -1 1
370 189 -1 1
369 189 -1 1
368 189 -1 1
367 189 -1 1
366 189 -1 1
365 189 -1 1
364 189 -1 1
376 188 -1 1
375 188 -1 1
374 188 -1 1
373 188 -1 1
372 188 -1 1
371 188 -1 1
370 188 -1 1
369 188 -1 1
368 188 -1 1
367 188 -1 1
366 188 -1 1
365 188 -1 1
364 188 -1 1
376 187 -1 1
375 187 -1 1
374 187 -1 1
373 187 -1 1
372 187 -1 1
371 187 -1 1
370 187 -1 1
369 187 -1 1
368 187 -1 1
367 187 -1 1
366 187 -1 1
365 187 -1 1
377 186 -1 1
376 186 -1 1
375 186 -1 1
374 186 -1 1
373 186 -1 1
372 186 -1 1
371 186 -1 1
370 186 -1 1
369 186 -1 1
368 186 -1 1
367 186 -1 1
366 186 -1 1
365 186 -1 1
377 185 -1 1
376 185 -1 1
375 185 -1 1
374 185 -1 1
373 185 -1 1
372 185 -1 1
371 185 -1 1
370 185 -1 1
369 185 -1 1
368 185 -1 1
367 185 -1 1
366 185 -1 1
377 184 -1 1
376 184 -1 1
375 184 -1 1
374 184 -1 1
373 184 -1 1
372 184 -1 1
371 184 -1 1
370 184 -1 1
369 184 -1 1
368 184 -1 1
367 184 -1 1
366 184 -1 1
378 183 -1 1
377 183 -1 1
376 183 -1 1
375 183 -1 1
374 183 -1 1
373 183 -1 1
372 183 -1 1
371 183 -1 1
370 183 -1 1
369 183 -1 1
368 183 -1 1
367 183 -1 1
366 183 -1 1
378 182 -1 1
377 182 -1 1
376 182 -1 1
375 182 -1 1
374 182 -1 1
373 182 -1 1
372 182 -1 1
371 182 -1 1
370 182 -1 1
369 182 -1 1
368 182 -1 1
367 182 -1 1
378 181 -1 1
377 181 -1 1
376 181 -1 1
375 181 -1 1
374 181 -1 1
373 181 -1 1
372 181 -1 1
371 181 -1 1
370 181 -1 1
369 181 -1 1
368 181 -1 1
378 180 -1 1
377 180 -1 1
376 180 -1 1
375 180 -1 1
374 180 -1 1
373 180 -1 1
372 180 -1 1
371 180 -1 1
370 180 -1 1
369 180 -1 1
368 180 -1 1
379 179 -1 1
378 179 -1 1
377 179 -1 1
376 179 -1 1
375 179 -1 1
374 179 -1 1
373 179 -1 1
372 179 -1 1
371 179 -1 1
370 179 -1 1
369 179 -1 1
379 178 -1 1
378 178 -1 1
377 178 -1 1
376 178 -1 1
375 178 -1 1
374 178 -1 1
373 178 -1 1
372 178 -1 1
371 178 -1 1
370 178 -1 1
369 178 -1 1
379 177 -1 1
378 177 -1 1
377 177 -1 1
376 177 -1 1
375 177 -1 1
374 177 -1 1
373 177 -1 1
372 177 -1 1
371 177 -1 1
370 177 -1 1
369 177 -1 1
380 176 -1 1
379 176 -1 1
378 176 -1 1
377 176 -1 1
376 176 -1 1
375 176 -1 1
374 176 -1 1
373 176 -1 1
372 176 -1 1
371 176 -1 1
370 176 -1 1
381 175 -1 1
380 175 -1 1
379 175 -1 1
378 175 -1 1
377 175 -1 1
376 175 -1 1
375 175 -1 1
374 175 -1 1
373 175 -1 1
372 175 -1 1
371 175 -1 1
370 175 -1 1
381 174 -1 1
380 174 -1 1
379 174 -1 1
378 174 -1 1
377 174 -1 1
376 174 -1 1
375 174 -1 1
374 174 -1 1
373 174 -1 1
372 174 -1 1
371 174 -1 1
381 173 -1 1
380 173 -1 1
379 173 -1 1
378 173 -1 1
377 173 -1 1
376 173 -1 1
375 173 -1 1
374 173 -1 1
373 173 -1 1
372 173 -1 1
371 173 -1 1
382 172 -1 1
381 172 -1 1
380 172 -1 1
379 172 -1 1
378 172 -1 1
377 172 -1 1
376 172 -1 1
375 172 -1 1
374 172 -1 1
373 172 -1 1
372 172 -1 1
382 171 -1 1
381 171 -1 1
380 171 -1 1
379 171 -1 1
378 171 -1 1
377 171 -1 1
376 171 -1 1
375 171 -1 1
374 171 -1 1
373 171 -1 1
372 171 -1 1
382 170 -1 1
381 170 -1 1
380 170 -1 1
379 170 -1 1
378 170 -1 1
377 170 -1 1
376 170 -1 1
375 170 -1 1
374 170 -1 1
373 170 -1 1
372 170 -1 1
381 169 -1 1
380 169 -1 1
379 169 -1 1
378 169 -1 1
377 169 -1 1
376 169 -1 1
375 169 -1 1
374 169 -1 1
373 169 -1 1
381 168 -1 1
380 168 -1 1
379 168 -1 1
378 168 -1 1
377 168 -1 1
376 168 -1 1
375 168 -1 1
374 168 -1 1
373 168 -1 1
172 168 -1 0
381 167 -1 1
380 167 -1 1
379 167 -1 1
378 167 -1 1
377 167 -1 1
376 167 -1 1
375 167 -1 1
374 167 -1 1
373 167 -1 1
175 167 -1 0
174 167 -1 0
173 167 -1 0
172 167 -1 0
171 167 -1 0
170 167 -1 0
169 167 -1 0
380 166 -1 1
379 166 -1 1
378 166 -1 1
377 166 -1 1
376 166 -1 1
375 166 -1 1
374 166 -1 1
176 166 -1 0
175 166 -1 0
174 166 -1 0
173 166 -1 0
172 166 -1 0
171 166 -1 0
170 166 -1 0
169 166 -1 0
168 166 -1 0
377 165 -1 1
176 165 -1 0
175 165 -1 0
174 165 -1 0
173 165 -1 0
172 165 -1 0
171 165 -1 0
170 165 -1 0
169 165 -1 0
168 165 -1 0
176 164 -1 0
175 164 -1 0
174 164 -1 0
173 164 -1 0
172 164 -1 0
171 164 -1 0
170 164 -1 0
169 164 -1 0
168 164 -1 0
177 163 -1 0
176 163 -1 0
175 163 -1 0
174 163 -1 0
173 163 -1 0
172 163 -1 0
171 163 -1 0
170 163 -1 0
169 163 -1 0
168 163 -1 0
167 163 -1 0
177 162 -1 0
176 162 -1 0
175 162 -1 0
174 162 -1 0
173 162 -1 0
172 162 -1 0
171 162 -1 0
170 162 -1 0
169 162 -1 0
168 162 -1 0
167 162 -1 0
177 161 -1 0
176 161 -1 0
175 161 -1 0
174 161 -1 0
173 161 -1 0
172 161 -1 0
171 161 -1 0
170 161 -1 0
169 161 -1 0
168 161 -1 0
167 161 -1 0
177 160 -1 0
176 160 -1 0
175 160 -1 0
174 160 -1 0
173 160 -1 0
172 160 -1 0
171 160 -1 0
170 160 -1 0
169 160 -1 0
168 160 -1 0
177 159 -1 0
176 159 -1 0
175 159 -1 0
174 159 -1 0
173 159 -1 0
172 159 -1 0
171 159 -1 0
170 159 -1 0
169 159 -1 0
168 159 -1 0
167 159 -1 0
177 158 -1 0
176 158 -1 0
175 158 -1 0
174 158 -1 0
173 158 -1 0
172 158 -1 0
171 158 -1 0
170 158 -1 0
169 158 -1 0
168 158 -1 0
167 158 -1 0
178 157 -1 0
177 157 -1 0
176 157 -1 0
175 157 -1 0
174 157 -1 0
173 157 -1 0
172 157 -1 0
171 157 -1 0
170 157 -1 0
169 157 -1 0
168 157 -1 0
167 157 -1 0
178 156 -1 0
177 156 -1 0
176 156 -1 0
175 156 -1 0
174 156 -1 0
173 156 -1 0
172 156 -1 0
171 156 -1 0
170 156 -1 0
169 156 -1 0
168 156 -1 0
177 155 -1 0
176 155 -1 0
175 155 -1 0
174 155 -1 0
173 155 -1 0
172 155 -1 0
171 155 -1 0
170 155 -1 0
169 155 -1 0
168 155 -1 0
178 154 -1 0
177 154 -1 0
176 154 -1 0
175 154 -1 0
174 154 -1 0
173 154 -1 0
172 154 -1 0
171 154 -1 0
170 154 -1 0
169 154 -1 0
168 154 -1 0
178 153 -1 0
177 153 -1 0
176 153 -1 0
175 153 -1 0
174 153 -1 0
173 153 -1 0
172 153 -1 0
171 153 -1 0
170 153 -1 0
169 153 -1 0
168 153 -1 0
178 152 -1 0
177 152 -1 0
176 152 -1 0
175 152 -1 0
174 152 -1 0
173 152 -1 0
172 152 -1 0
171 152 -1 0
170 152 -1 0
169 152 -1 0
168 152 -1 0
179 151 -1 0
178 151 -1 0
177 151 -1 0
176 151 -1 0
175 151 -1 0
174 151 -1 0
173 151 -1 0
172 151 -1 0
171 151 -1 0
170 151 -1 0
169 151 -1 0
178 150 -1 0
177 150 -1 0
176 150 -1 0
175 150 -1 0
174 150 -1 0
173 150 -1 0
172 150 -1 0
171 150 -1 0
170 150 -1 0
169 150 -1 0
178 149 -1 0
177 149 -1 0
176 149 -1 0
175 149 -1 0
174 149 -1 0
173 149 -1 0
172 149 -1 0
171 149 -1 0
170 149 -1 0
169 149 -1 0
179 148 -1 0
178 148 -1 0
177 148 -1 0
176 148 -1 0
175 148 -1 0
174 148 -1 0
173 148 -1 0
172 148 -1 0
171 148 -1 0
170 148 -1 0
169 148 -1 0
179 147 -1 0
178 147 -1 0
177 147 -1 0
176 147 -1 0
175 147 -1 0
174 147 -1 0
173 147 -1 0
172 147 -1 0
171 147 -1 0
170 147 -1 0
169 147 -1 0
180 146 -1 0
179 146 -1 0
178 146 -1 0
177 146 -1 0
176 146 -1 0
175 146 -1 0
174 146 -1 0
173 146 -1 0
172 146 -1 0
171 146 -1 0
170 146 -1 0
181 145 -1 0
180 145 -1 0
179 145 -1 0
178 145 -1 0
177 145 -1 0
176 145 -1 0
175 145 -1 0
174 145 -1 0
173 145 -1 0
172 145 -1 0
171 145 -1 0
170 145 -1 0
181 144 -1 0
180 144 -1 0
179 144 -1 0
178 144 -1 0
177 144 -1 0
176 144 -1 0
175 144 -1 0
174 144 -1 0
173 144 -1 0
172 144 -1 0
171 144 -1 0
170 144 -1 0
181 143 -1 0
180 143 -1 0
179 143 -1 0
178 143 -1 0
177 143 -1 0
176 143 -1 0
175 143 -1 0
174 143 -1 0
173 143 -1 0
172 143 -1 0
171 143 -1 0
170 143 -1 0
182 142 -1 0
181 142 -1 0
180 142 -1 0
179 142 -1 0
178 142 -1 0
177 142 -1 0
176 142 -1 0
175 142 -1 0
174 142 -1 0
173 142 -1 0
172 142 -1 0
171 142 -1 0
182 141 -1 0
181 141 -1 0
180 141 -1 0
179 141 -1 0
178 141 -1 0
177 141 -1 0
176 141 -1 0
175 141 -1 0
174 141 -1 0
173 141 -1 0
172 141 -1 0
171 141 -1 0
182 140 -1 0
181 140 -1 0
180 140 -1 0
179 140 -1 0
178 140 -1 0
177 140 -1 0
176 140 -1 0
175 140 -1 0
174 140 -1 0
173 140 -1 0
172 140 -1 0
171 140 -1 0
182 139 -1 0
181 139 -1 0
180 139 -1 0
179 139 -1 0
178 139 -1 0
177 139 -1 0
176 139 -1 0
175 139 -1 0
174 139 -1 0
173 139 -1 0
172 139 -1 0
183 138 -1 0
182 138 -1 0
181 138 -1 0
180 138 -1 0
179 138 -1 0
178 138 -1 0
177 138 -1 0
176 138 -1 0
175 138 -1 0
174 138 -1 0
173 138 -1 0
183 137 -1 0
182 137 -1 0
181 137 -1 0
180 137 -1 0
179 137 -1 0
178 137 -1 0
177 137 -1 0
176 137 -1 0
175 137 -1 0
174 137 -1 0
173 137 -1 0
183 136 -1 0
182 136 -1 0
181 136 -1 0
180 136 -1 0
179 136 -1 0
178 136 -1 0
177 136 -1 0
176 136 -1 0
175 136 -1 0
174 136 -1 0
173 136 -1 0
183 135 -1 0
182 135 -1 0
181 135 -1 0
180 135 -1 0
179 135 -1 0
178 135 -1 0
177 135 -1 0
176 135 -1 0
175 135 -1 0
174 135 -1 0
184 134 -1 0
183 134 -1 0
182 134 -1 0
181 134 -1 0
180 134 -1 0
179 134 -1 0
178 134 -1 0
177 134 -1 0
176 134 -1 0
175 134 -1 0
174 134 -1 0
184 133 -1 0
183 133 -1 0
182 133 -1 0
181 133 -1 0
180 133 -1 0
179 133 -1 0
178 133 -1 0
177 133 -1 0
176 133 -1 0
175 133 -1 0
174 133 -1 0
185 132 -1 0
184 132 -1 0
183 132 -1 0
182 132 -1 0
181 132 -1 0
180 132 -1 0
179 132 -1 0
178 132 -1 0
177 132 -1 0
176 132 -1 0
175 132 -1 0
174 132 -1 0
186 131 -1 0
185 131 -1 0
184 131 -1 0
183 131 -1 0
182 131 -1 0
181 131 -1 0
180 131 -1 0
179 131 -1 0
178 131 -1 0
177 131 -1 0
176 131 -1 0
175 131 -1 0
186 130 -1 0
185 130 -1 0
184 130 -1 0
183 130 -1 0
182 130 -1 0
181 130 -1 0
180 130 -1 0
179 130 -1 0
178 130 -1 0
177 130 -1 0
176 130 -1 0
175 130 -1 0
186 129 -1 0
185 129 -1 0
184 129 -1 0
183 129 -1 0
182 129 -1 0
181 129 -1 0
180 129 -1 0
179 129 -1 0
178 129 -1 0
177 129 -1 0
176 129 -1 0
175 129 -1 0
187 128 -1 0
186 128 -1 0
185 128 -1 0
184 128 -1 0
183 128 -1 0
182 128 -1 0
181 128 -1 0
180 128 -1 0
179 128 -1 0
178 128 -1 0
177 128 -1 0
176 128 -1 0
188 127 -1 0
187 127 -1 0
186 127 -1 0
185 127 -1 0
184 127 -1 0
183 127 -1 0
182 127 -1 0
181 127 -1 0
180 127 -1 0
179 127 -1 0
178 127 -1 0
177 127 -1 0
188 126 -1 0
187 126 -1 0
186 126 -1 0
185 126 -1 0
184 126 -1 0
183 126 -1 0
182 126 -1 0
181 126 -1 0
180 126 -1 0
179 126 -1 0
178 126 -1 0
189 125 -1 0
188 125 -1 0
187 125 -1 0
186 125 -1 0
185 125 -1 0
184 125 -1 0
183 125 -1 0
182 125 -1 0
181 125 -1 0
180 125 -1 0
179 125 -1 0
178 125 -1 0
190 124 -1 0
189 124 -1 0
188 124 -1 0
187 124 -1 0
186 124 -1 0
185 124 -1 0
184 124 -1 0
183 124 -1 0
182 124 -1 0
181 124 -1 0
180 124 -1 0
179 124 -1 0
191 123 -1 0
190 123 -1 0
189 123 -1 0
188 123 -1 0
187 123 -1 0
186 123 -1 0
185 123 -1 0
184 123 -1 0
183 123 -1 0
182 123 -1 0
181 123 -1 0
180 123 -1 0
191 122 -1 0
190 122 -1 0
189 122 -1 0
188 122 -1 0
187 122 -1 0
186 122 -1 0
185 122 -1 0
184 122 -1 0
183 122 -1 0
182 122 -1 0
181 122 -1 0
180 122 -1 0
191 121 -1 0
190 121 -1 0
189 121 -1 0
188 121 -1 0
187 121 -1 0
186 121 -1 0
185 121 -1 0
184 121 -1 0
183 121 -1 0
182 121 -1 0
181 121 -1 0
180 121 -1 0
192 120 -1 0
191 120 -1 0
190 120 -1 0
189 120 -1 0
188 120 -1 0
187 120 -1 0
186 120 -1 0
185 120 -1 0
184 120 -1 0
183 120 -1 0
182 120 -1 0
181 120 -1 0
193 119 -1 0
192 119 -1 0
191 119 -1 0
190 119 -1 0
189 119 -1 0
188 119 -1 0
187 119 -1 0
186 119 -1 0
185 119 -1 0
184 119 -1 0
183 119 -1 0
182 119 -1 0
181 119 -1 0
193 118 -1 0
192 118 -1 0
191 118 -1 0
190 118 -1 0
189 118 -1 0
188 118 -1 0
187 118 -1 0
186 118 -1 0
185 118 -1 0
184 118 -1 0
183 118 -1 0
182 118 -1 0
181 118 -1 0
195 117 -1 0
194 117 -1 0
193 117 -1 0
192 117 -1 0
191 117 -1 0
190 117 -1 0
189 117 -1 0
188 117 -1 0
187 117 -1 0
186 117 -1 0
185 117 -1 0
184 117 -1 0
183 117 -1 0
182 117 -1 0
196 116 -1 0
195 116 -1 0
194 116 -1 0
193 116 -1 0
192 116 -1 0
191 116 -1 0
190 116 -1 0
189 116 -1 0
188 116 -1 0
187 116 -1 0
186 116 -1 0
185 116 -1 0
184 116 -1 0
196 115 -1 0
195 115 -1 0
194 115 -1 0
193 115 -1 0
192 115 -1 0
191 115 -1 0
190 115 -1 0
189 115 -1 0
188 115 -1 0
187 115 -1 0
186 115 -1 0
185 115 -1 0
196 114 -1 0
195 114 -1 0
194 114 -1 0
193 114 -1 0
192 114 -1 0
191 114 -1 0
190 114 -1 0
189 114 -1 0
188 114 -1 0
187 114 -1 0
186 114 -1 0
185 114 -1 0
197 113 -1 0
196 113 -1 0
195 113 -1 0
194 113 -1 0
193 113 -1 0
192 113 -1 0
191 113 -1 0
190 113 -1 0
189 113 -1 0
188 113 -1 0
187 113 -1 0
186 113 -1 0
185 113 -1 0
196 112 -1 0
195 112 -1 0
194 112 -1 0
193 112 -1 0
192 112 -1 0
191 112 -1 0
190 112 -1 0
189 112 -1 0
188 112 -1 0
187 112 -1 0
186 112 -1 0
196 111 -1 0
195 111 -1 0
194 111 -1 0
193 111 -1 0
192 111 -1 0
191 111 -1 0
190 111 -1 0
189 111 -1 0
188 111 -1 0
187 111 -1 0
186 111 -1 0
196 110 -1 0
195 110 -1 0
194 110 -1 0
193 110 -1 0
192 110 -1 0
191 110 -1 0
190 110 -1 0
189 110 -1 0
188 110 -1 0
187 110 -1 0
186 110 -1 0
195 109 -1 0
194 109 -1 0
193 109 -1 0
192 109 -1 0
191 109 -1 0
190 109 -1 0
189 109 -1 0
188 109 -1 0
187 109 -1 0
192 108 -1 0
190 108 -1 0
