1101 408 341
216 246 -1 1
215 246 -1 1
219 245 -1 1
218 245 -1 1
217 245 -1 1
216 245 -1 1
215 245 -1 1
214 245 -1 1
213 245 -1 1
212 245 -1 1
220 244 -1 1
219 244 -1 1
218 244 -1 1
217 244 -1 1
216 244 -1 1
215 244 -1 1
214 244 -1 1
213 244 -1 1
212 244 -1 1
211 244 -1 1
220 243 -1 1
219 243 -1 1
218 243 -1 1
217 243 -1 1
216 243 -1 1
215 243 -1 1
214 243 -1 1
213 243 -1 1
212 243 -1 1
211 243 -1 1
210 243 -1 1
209 243 -1 1
208 243 -1 1
207 243 -1 1
206 243 -1 1
220 242 -1 1
219 242 -1 1
218 242 -1 1
217 242 -1 1
216 242 -1 1
215 242 -1 1
214 242 -1 1
213 242 -1 1
212 242 -1 1
211 242 -1 1
210 242 -1 1
209 242 -1 1
208 242 -1 1
207 242 -1 1
206 242 -1 1
205 242 -1 1
204 242 -1 1
203 242 -1 1
202 242 -1 1
200 242 -1 1
199 242 -1 1
198 242 -1 1
221 241 -1 1
220 241 -1 1
219 241 -1 1
218 241 -1 1
217 241 -1 1
216 241 -1 1
215 241 -1 1
214 241 -1 1
213 241 -1 1
212 241 -1 1
211 241 -1 1
210 241 -1 1
209 241 -1 1
208 241 -1 1
207 241 -1 1
206 241 -1 1
205 241 -1 1
204 241 -1 1
203 241 -1 1
202 241 -1 1
201 241 -1 1
200 241 -1 1
199 241 -1 1
198 241 -1 1
197 241 -1 1
196 241 -1 1
195 241 -1 1
221 240 -1 1
220 240 -1 1
219 240 -1 1
218 240 -1 1
217 240 -1 1
216 240 -1 1
215 240 -1 1
214 240 -1 1
213 240 -1 1
212 240 -1 1
211 240 -1 1
210 240 -1 1
209 240 -1 1
208 240 -1 1
207 240 -1 1
206 240 -1 1
205 240 -1 1
204 240 -1 1
203 240 -1 1
202 240 -1 1
201 240 -1 1
200 240 -1 1
199 240 -1 1
198 240 -1 1
197 240 -1 1
196 240 -1 1
195 240 -1 1
194 240 -1 1
193 240 -1 1
192 240 -1 1
220 239 -1 1
219 239 -1 1
218 239 -1 1
217 239 -1 1
216 239 -1 1
215 239 -1 1
214 239 -1 1
213 239 -1 1
212 239 -1 1
211 239 -1 1
210 239 -1 1
209 239 -1 1
208 239 -1 1
207 239 -1 1
206 239 -1 1
205 239 -1 1
204 239 -1 1
203 239 -1 1
202 239 -1 1
201 239 -1 1
200 239 -1 1
199 239 -1 1
198 239 -1 1
197 239 -1 1
196 239 -1 1
195 239 -1 1
194 239 -1 1
193 239 -1 1
192 239 -1 1
191 239 -1 1
188 239 -1 1
185 239 -1 1
184 239 -1 1
183 239 -1 1
181 239 -1 1
220 238 -1 1
219 238 -1 1
218 238 -1 1
217 238 -1 1
216 238 -1 1
215 238 -1 1
214 238 -1 1
213 238 -1 1
212 238 -1 1
211 238 -1 1
210 238 -1 1
209 238 -1 1
208 238 -1 1
207 238 -1 1
206 238 -1 1
205 238 -1 1
204 238 -1 1
203 238 -1 1
202 238 -1 1
201 238 -1 1
200 238 -1 1
199 238 -1 1
198 238 -1 1
197 238 -1 1
196 238 -1 1
195 238 -1 1
194 238 -1 1
193 238 -1 1
192 238 -1 1
191 238 -1 1
190 238 -1 1
189 238 -1 1
188 238 -1 1
187 238 -1 1
186 238 -1 1
185 238 -1 1
184 238 -1 1
183 238 -1 1
182 238 -1 1
181 238 -1 1
180 238 -1 1
179 238 -1 1
178 238 -1 1
220 237 -1 1
219 237 -1 1
218 237 -1 1
217 237 -1 1
216 237 -1 1
215 237 -1 1
214 237 -1 1
213 237 -1 1
212 237 -1 1
211 237 -1 1
210 237 -1 1
209 237 -1 1
208 237 -1 1
207 237 -1 1
206 237 -1 1
205 237 -1 1
204 237 -1 1
203 237 -1 1
202 237 -1 1
201 237 -1 1
200 237 -1 1
199 237 -1 1
198 237 -1 1
197 237 -1 1
196 237 -1 1
195 237 -1 1
194 237 -1 1
193 237 -1 1
192 237 -1 1
191 237 -1 1
190 237 -1 1
189 237 -1 1
188 237 -1 1
187 237 -1 1
186 237 -1 1
185 237 -1 1
184 237 -1 1
183 237 -1 1
182 237 -1 1
181 237 -1 1
180 237 -1 1
179 237 -1 1
178 237 -1 1
177 237 -1 1
219 236 -1 1
218 236 -1 1
217 236 -1 1
216 236 -1 1
215 236 -1 1
214 236 -1 1
213 236 -1 1
212 236 -1 1
211 236 -1 1
210 236 -1 1
209 236 -1 1
208 236 -1 1
207 236 -1 1
206 236 -1 1
205 236 -1 1
204 236 -1 1
203 236 -1 1
202 236 -1 1
201 236 -1 1
200 236 -1 1
199 236 -1 1
198 236 -1 1
197 236 -1 1
196 236 -1 1
195 236 -1 1
194 236 -1 1
193 236 -1 1
192 236 -1 1
191 236 -1 1
190 236 -1 1
189 236 -1 1
188 236 -1 1
187 236 -1 1
186 236 -1 1
185 236 -1 1
184 236 -1 1
183 236 -1 1
182 236 -1 1
181 236 -1 1
180 236 -1 1
179 236 -1 1
178 236 -1 1
177 236 -1 1
216 235 -1 1
214 235 -1 1
213 235 -1 1
212 235 -1 1
211 235 -1 1
210 235 -1 1
209 235 -1 1
208 235 -1 1
207 235 -1 1
206 235 -1 1
205 235 -1 1
204 235 -1 1
203 235 -1 1
202 235 -1 1
201 235 -1 1
200 235 -1 1
199 235 -1 1
198 235 -1 1
197 235 -1 1
196 235 -1 1
195 235 -1 1
194 235 -1 1
193 235 -1 1
192 235 -1 1
191 235 -1 1
190 235 -1 1
189 235 -1 1
188 235 -1 1
187 235 -1 1
186 235 -1 1
185 235 -1 1
184 235 -1 1
183 235 -1 1
182 235 -1 1
181 235 -1 1
180 235 -1 1
179 235 -1 1
178 235 -1 1
177 235 -1 1
213 234 -1 1
212 234 -1 1
211 234 -1 1
210 234 -1 1
209 234 -1 1
208 234 -1 1
207 234 -1 1
206 234 -1 1
205 234 -1 1
204 234 -1 1
203 234 -1 1
202 234 -1 1
201 234 -1 1
200 234 -1 1
199 234 -1 1
198 234 -1 1
197 234 -1 1
196 234 -1 1
195 234 -1 1
194 234 -1 1
193 234 -1 1
192 234 -1 1
191 234 -1 1
190 234 -1 1
189 234 -1 1
188 234 -1 1
187 234 -1 1
186 234 -1 1
185 234 -1 1
184 234 -1 1
183 234 -1 1
182 234 -1 1
181 234 -1 1
180 234 -1 1
179 234 -1 1
178 234 -1 1
177 234 -1 1
176 234 -1 1
210 233 -1 1
208 233 -1 1
207 233 -1 1
206 233 -1 1
205 233 -1 1
204 233 -1 1
203 233 -1 1
202 233 -1 1
201 233 -1 1
200 233 -1 1
199 233 -1 1
198 233 -1 1
197 233 -1 1
196 233 -1 1
195 233 -1 1
194 233 -1 1
193 233 -1 1
192 233 -1 1
191 233 -1 1
190 233 -1 1
189 233 -1 1
188 233 -1 1
187 233 -1 1
186 233 -1 1
185 233 -1 1
184 233 -1 1
183 233 -1 1
182 233 -1 1
181 233 -1 1
180 233 -1 1
179 233 -1 1
178 233 -1 1
177 233 -1 1
205 232 -1 1
204 232 -1 1
202 232 -1 1
200 232 -1 1
199 232 -1 1
198 232 -1 1
197 232 -1 1
196 232 -1 1
195 232 -1 1
194 232 -1 1
193 232 -1 1
192 232 -1 1
191 232 -1 1
190 232 -1 1
189 232 -1 1
188 232 -1 1
187 232 -1 1
186 232 -1 1
185 232 -1 1
184 232 -1 1
183 232 -1 1
182 232 -1 1
181 232 -1 1
180 232 -1 1
179 232 -1 1
178 232 -1 1
177 232 -1 1
198 231 -1 1
197 231 -1 1
196 231 -1 1
195 231 -1 1
194 231 -1 1
193 231 -1 1
192 231 -1 1
191 231 -1 1
190 231 -1 1
189 231 -1 1
188 231 -1 1
187 231 -1 1
186 231 -1 1
185 231 -1 1
184 231 -1 1
183 231 -1 1
182 231 -1 1
181 231 -1 1
180 231 -1 1
179 231 -1 1
178 231 -1 1
177 231 -1 1
197 230 -1 1
196 230 -1 1
195 230 -1 1
194 230 -1 1
193 230 -1 1
192 230 -1 1
191 230 -1 1
190 230 -1 1
189 230 -1 1
188 230 -1 1
187 230 -1 1
186 230 -1 1
185 230 -1 1
184 230 -1 1
183 230 -1 1
182 230 -1 1
181 230 -1 1
180 230 -1 1
179 230 -1 1
178 230 -1 1
194 229 -1 1
191 229 -1 1
188 229 -1 1
185 229 -1 1
184 229 -1 1
183 229 -1 1
181 229 -1 1
133 125 -1 0
136 124 -1 0
135 124 -1 0
134 124 -1 0
133 124 -1 0
132 124 -1 0
131 124 -1 0
130 124 -1 0
137 123 -1 0
136 123 -1 0
135 123 -1 0
134 123 -1 0
133 123 -1 0
132 123 -1 0
131 123 -1 0
130 123 -1 0
129 123 -1 0
137 122 -1 0
136 122 -1 0
135 122 -1 0
134 122 -1 0
133 122 -1 0
132 122 -1 0
131 122 -1 0
130 122 -1 0
129 122 -1 0
138 121 -1 0
137 121 -1 0
136 121 -1 0
135 121 -1 0
134 121 -1 0
133 121 -1 0
132 121 -1 0
131 121 -1 0
130 121 -1 0
129 121 -1 0
140 120 -1 0
139 120 -1 0
138 120 -1 0
137 120 -1 0
136 120 -1 0
135 120 -1 0
134 120 -1 0
133 120 -1 0
132 120 -1 0
131 120 -1 0
130 120 -1 0
129 120 -1 0
128 120 -1 0
141 119 -1 0
140 119 -1 0
139 119 -1 0
138 119 -1 0
137 119 -1 0
136 119 -1 0
135 119 -1 0
134 119 -1 0
133 119 -1 0
132 119 -1 0
131 119 -1 0
130 119 -1 0
129 119 -1 0
141 118 -1 0
140 118 -1 0
139 118 -1 0
138 118 -1 0
137 118 -1 0
136 118 -1 0
135 118 -1 0
134 118 -1 0
133 118 -1 0
132 118 -1 0
131 118 -1 0
130 118 -1 0
129 118 -1 0
128 118 -1 0
141 117 -1 0
140 117 -1 0
139 117 -1 0
138 117 -1 0
137 117 -1 0
136 117 -1 0
135 117 -1 0
134 117 -1 0
133 117 -1 0
132 117 -1 0
131 117 -1 0
130 117 -1 0
129 117 -1 0
142 116 -1 0
141 116 -1 0
140 116 -1 0
139 116 -1 0
138 116 -1 0
137 116 -1 0
136 116 -1 0
135 116 -1 0
134 116 -1 0
133 116 -1 0
132 116 -1 0
131 116 -1 0
130 116 -1 0
129 116 -1 0
143 115 -1 0
142 115 -1 0
141 115 -1 0
140 115 -1 0
139 115 -1 0
138 115 -1 0
137 115 -1 0
136 115 -1 0
135 115 -1 0
134 115 -1 0
133 115 -1 0
132 115 -1 0
131 115 -1 0
130 115 -1 0
129 115 -1 0
144 114 -1 0
143 114 -1 0
142 114 -1 0
141 114 -1 0
140 114 -1 0
139 114 -1 0
138 114 -1 0
137 114 -1 0
136 114 -1 0
135 114 -1 0
134 114 -1 0
133 114 -1 0
132 114 -1 0
131 114 -1 0
130 114 -1 0
144 113 -1 0
143 113 -1 0
142 113 -1 0
141 113 -1 0
140 113 -1 0
139 113 -1 0
138 113 -1 0
137 113 -1 0
136 113 -1 0
135 113 -1 0
134 113 -1 0
133 113 -1 0
132 113 -1 0
131 113 -1 0
144 112 -1 0
143 112 -1 0
142 112 -1 0
141 112 -1 0
140 112 -1 0
139 112 -1 0
138 112 -1 0
137 112 -1 0
136 112 -1 0
135 112 -1 0
134 112 -1 0
133 112 -1 0
132 112 -1 0
146 111 -1 0
145 111 -1 0
144 111 -1 0
143 111 -1 0
142 111 -1 0
141 111 -1 0
140 111 -1 0
139 111 -1 0
138 111 -1 0
137 111 -1 0
136 111 -1 0
135 111 -1 0
134 111 -1 0
147 110 -1 0
146 110 -1 0
145 110 -1 0
144 110 -1 0
143 110 -1 0
142 110 -1 0
141 110 -1 0
140 110 -1 0
139 110 -1 0
138 110 -1 0
137 110 -1 0
136 110 -1 0
135 110 -1 0
134 110 -1 0
148 109 -1 0
147 109 -1 0
146 109 -1 0
145 109 -1 0
144 109 -1 0
143 109 -1 0
142 109 -1 0
141 109 -1 0
140 109 -1 0
139 109 -1 0
138 109 -1 0
137 109 -1 0
136 109 -1 0
135 109 -1 0
134 109 -1 0
149 108 -1 0
148 108 -1 0
147 108 -1 0
146 108 -1 0
145 108 -1 0
144 108 -1 0
143 108 -1 0
142 108 -1 0
141 108 -1 0
140 108 -1 0
139 108 -1 0
138 108 -1 0
137 108 -1 0
136 108 -1 0
135 108 -1 0
150 107 -1 0
149 107 -1 0
148 107 -1 0
147 107 -1 0
146 107 -1 0
145 107 -1 0
144 107 -1 0
143 107 -1 0
142 107 -1 0
141 107 -1 0
140 107 -1 0
139 107 -1 0
138 107 -1 0
137 107 -1 0
136 107 -1 0
151 106 -1 0
150 106 -1 0
149 106 -1 0
148 106 -1 0
147 106 -1 0
146 106 -1 0
145 106 -1 0
144 106 -1 0
143 106 -1 0
142 106 -1 0
141 106 -1 0
140 106 -1 0
139 106 -1 0
138 106 -1 0
137 106 -1 0
152 105 -1 0
151 105 -1 0
150 105 -1 0
149 105 -1 0
148 105 -1 0
147 105 -1 0
146 105 -1 0
145 105 -1 0
144 105 -1 0
143 105 -1 0
142 105 -1 0
141 105 -1 0
140 105 -1 0
139 105 -1 0
153 104 -1 0
152 104 -1 0
151 104 -1 0
150 104 -1 0
149 104 -1 0
148 104 -1 0
147 104 -1 0
146 104 -1 0
145 104 -1 0
144 104 -1 0
143 104 -1 0
142 104 -1 0
141 104 -1 0
140 104 -1 0
139 104 -1 0
154 103 -1 0
153 103 -1 0
152 103 -1 0
151 103 -1 0
150 103 -1 0
149 103 -1 0
148 103 -1 0
147 103 -1 0
146 103 -1 0
145 103 -1 0
144 103 -1 0
143 103 -1 0
142 103 -1 0
141 103 -1 0
140 103 -1 0
155 102 -1 0
154 102 -1 0
153 102 -1 0
152 102 -1 0
151 102 -1 0
150 102 -1 0
149 102 -1 0
148 102 -1 0
147 102 -1 0
146 102 -1 0
145 102 -1 0
144 102 -1 0
143 102 -1 0
142 102 -1 0
141 102 -1 0
156 101 -1 0
155 101 -1 0
154 101 -1 0
153 101 -1 0
152 101 -1 0
151 101 -1 0
150 101 -1 0
149 101 -1 0
148 101 -1 0
147 101 -1 0
146 101 -1 0
145 101 -1 0
144 101 -1 0
143 101 -1 0
142 101 -1 0
157 100 -1 0
156 100 -1 0
155 100 -1 0
154 100 -1 0
153 100 -1 0
152 100 -1 0
151 100 -1 0
150 100 -1 0
149 100 -1 0
148 100 -1 0
147 100 -1 0
146 100 -1 0
145 100 -1 0
144 100 -1 0
143 100 -1 0
158 99 -1 0
157 99 -1 0
156 99 -1 0
155 99 -1 0
154 99 -1 0
153 99 -1 0
152 99 -1 0
151 99 -1 0
150 99 -1 0
149 99 -1 0
148 99 -1 0
147 99 -1 0
146 99 -1 0
145 99 -1 0
144 99 -1 0
143 99 -1 0
158 98 -1 0
157 98 -1 0
156 98 -1 0
155 98 -1 0
154 98 -1 0
153 98 -1 0
152 98 -1 0
151 98 -1 0
150 98 -1 0
149 98 -1 0
148 98 -1 0
147 98 -1 0
146 98 -1 0
145 98 -1 0
144 98 -1 0
158 97 -1 0
157 97 -1 0
156 97 -1 0
155 97 -1 0
154 97 -1 0
153 97 -1 0
152 97 -1 0
151 97 -1 0
150 97 -1 0
149 97 -1 0
148 97 -1 0
147 97 -1 0
146 97 -1 0
161 96 -1 0
160 96 -1 0
159 96 -1 0
158 96 -1 0
157 96 -1 0
156 96 -1 0
155 96 -1 0
154 96 -1 0
153 96 -1 0
152 96 -1 0
151 96 -1 0
150 96 -1 0
149 96 -1 0
148 96 -1 0
147 96 -1 0
163 95 -1 0
162 95 -1 0
161 95 -1 0
160 95 -1 0
159 95 -1 0
158 95 -1 0
157 95 -1 0
156 95 -1 0
155 95 -1 0
154 95 -1 0
153 95 -1 0
152 95 -1 0
151 95 -1 0
150 95 -1 0
149 95 -1 0
148 95 -1 0
165 94 -1 0
164 94 -1 0
163 94 -1 0
162 94 -1 0
161 94 -1 0
160 94 -1 0
159 94 -1 0
158 94 -1 0
157 94 -1 0
156 94 -1 0
155 94 -1 0
154 94 -1 0
153 94 -1 0
152 94 -1 0
151 94 -1 0
150 94 -1 0
149 94 -1 0
166 93 -1 0
165 93 -1 0
164 93 -1 0
163 93 -1 0
162 93 -1 0
161 93 -1 0
160 93 -1 0
159 93 -1 0
158 93 -1 0
157 93 -1 0
156 93 -1 0
155 93 -1 0
154 93 -1 0
153 93 -1 0
152 93 -1 0
151 93 -1 0
150 93 -1 0
166 92 -1 0
165 92 -1 0
164 92 -1 0
163 92 -1 0
162 92 -1 0
161 92 -1 0
160 92 -1 0
159 92 -1 0
158 92 -1 0
157 92 -1 0
156 92 -1 0
155 92 -1 0
154 92 -1 0
153 92 -1 0
152 92 -1 0
151 92 -1 0
166 91 -1 0
165 91 -1 0
164 91 -1 0
163 91 -1 0
162 91 -1 0
161 91 -1 0
160 91 -1 0
159 91 -1 0
158 91 -1 0
157 91 -1 0
156 91 -1 0
155 91 -1 0
154 91 -1 0
168 90 -1 0
167 90 -1 0
166 90 -1 0
165 90 -1 0
164 90 -1 0
163 90 -1 0
162 90 -1 0
161 90 -1 0
160 90 -1 0
159 90 -1 0
158 90 -1 0
157 90 -1 0
156 90 -1 0
155 90 -1 0
154 90 -1 0
170 89 -1 0
169 89 -1 0
168 89 -1 0
167 89 -1 0
166 89 -1 0
165 89 -1 0
164 89 -1 0
163 89 -1 0
162 89 -1 0
161 89 -1 0
160 89 -1 0
159 89 -1 0
158 89 -1 0
157 89 -1 0
156 89 -1 0
155 89 -1 0
154 89 -1 0
171 88 -1 0
170 88 -1 0
169 88 -1 0
168 88 -1 0
167 88 -1 0
166 88 -1 0
165 88 -1 0
164 88 -1 0
163 88 -1 0
162 88 -1 0
161 88 -1 0
160 88 -1 0
159 88 -1 0
158 88 -1 0
157 88 -1 0
156 88 -1 0
155 88 -1 0
171 87 -1 0
170 87 -1 0
169 87 -1 0
168 87 -1 0
167 87 -1 0
166 87 -1 0
165 87 -1 0
164 87 -1 0
163 87 -1 0
162 87 -1 0
161 87 -1 0
160 87 -1 0
159 87 -1 0
158 87 -1 0
157 87 -1 0
156 87 -1 0
172 86 -1 0
171 86 -1 0
170 86 -1 0
169 86 -1 0
168 86 -1 0
167 86 -1 0
166 86 -1 0
165 86 -1 0
164 86 -1 0
163 86 -1 0
162 86 -1 0
161 86 -1 0
160 86 -1 0
159 86 -1 0
172 85 -1 0
171 85 -1 0
170 85 -1 0
169 85 -1 0
168 85 -1 0
167 85 -1 0
166 85 -1 0
165 85 -1 0
164 85 -1 0
163 85 -1 0
162 85 -1 0
161 85 -1 0
160 85 -1 0
172 84 -1 0
171 84 -1 0
170 84 -1 0
169 84 -1 0
168 84 -1 0
167 84 -1 0
166 84 -1 0
165 84 -1 0
164 84 -1 0
163 84 -1 0
162 84 -1 0
161 84 -1 0
160 84 -1 0
173 83 -1 0
172 83 -1 0
171 83 -1 0
170 83 -1 0
169 83 -1 0
168 83 -1 0
167 83 -1 0
166 83 -1 0
165 83 -1 0
164 83 -1 0
163 83 -1 0
162 83 -1 0
161 83 -1 0
160 83 -1 0
172 82 -1 0
171 82 -1 0
170 82 -1 0
169 82 -1 0
168 82 -1 0
167 82 -1 0
166 82 -1 0
165 82 -1 0
164 82 -1 0
163 82 -1 0
162 82 -1 0
161 82 -1 0
172 81 -1 0
171 81 -1 0
170 81 -1 0
169 81 -1 0
168 81 -1 0
167 81 -1 0
166 81 -1 0
165 81 -1 0
164 81 -1 0
163 81 -1 0
162 81 -1 0
172 80 -1 0
171 80 -1 0
170 80 -1 0
169 80 -1 0
168 80 -1 0
167 80 -1 0
166 80 -1 0
165 80 -1 0
164 80 -1 0
163 80 -1 0
171 79 -1 0
170 79 -1 0
169 79 -1 0
168 79 -1 0
167 79 -1 0
166 79 -1 0
165 79 -1 0
164 79 -1 0
168 78 -1 0
167 78 -1 0
