1787 408 341
172 264 -1 0
175 263 -1 0
174 263 -1 0
173 263 -1 0
172 263 -1 0
171 263 -1 0
170 263 -1 0
169 263 -1 0
176 262 -1 0
175 262 -1 0
174 262 -1 0
173 262 -1 0
172 262 -1 0
171 262 -1 0
170 262 -1 0
169 262 -1 0
168 262 -1 0
176 261 -1 0
175 261 -1 0
174 261 -1 0
173 261 -1 0
172 261 -1 0
171 261 -1 0
170 261 -1 0
169 261 -1 0
168 261 -1 0
167 261 -1 0
176 260 -1 0
175 260 -1 0
174 260 -1 0
173 260 -1 0
172 260 -1 0
171 260 -1 0
170 260 -1 0
169 260 -1 0
168 260 -1 0
167 260 -1 0
177 259 -1 0
176 259 -1 0
175 259 -1 0
174 259 -1 0
173 259 -1 0
172 259 -1 0
171 259 -1 0
170 259 -1 0
169 259 -1 0
168 259 -1 0
167 259 -1 0
166 259 -1 0
165 259 -1 0
176 258 -1 0
175 258 -1 0
174 258 -1 0
173 258 -1 0
172 258 -1 0
171 258 -1 0
170 258 -1 0
169 258 -1 0
168 258 -1 0
167 258 -1 0
166 258 -1 0
165 258 -1 0
164 258 -1 0
176 257 -1 0
175 257 -1 0
174 257 -1 0
173 257 -1 0
172 257 -1 0
171 257 -1 0
170 257 -1 0
169 257 -1 0
168 257 -1 0
167 257 -1 0
166 257 -1 0
165 257 -1 0
164 257 -1 0
176 256 -1 0
175 256 -1 0
174 256 -1 0
173 256 -1 0
172 256 -1 0
171 256 -1 0
170 256 -1 0
169 256 -1 0
168 256 -1 0
167 256 -1 0
166 256 -1 0
165 256 -1 0
164 256 -1 0
175 255 -1 0
174 255 -1 0
173 255 -1 0
172 255 -1 0
171 255 -1 0
170 255 -1 0
169 255 -1 0
168 255 -1 0
167 255 -1 0
166 255 -1 0
165 255 -1 0
164 255 -1 0
163 255 -1 0
174 254 -1 0
173 254 -1 0
172 254 -1 0
171 254 -1 0
170 254 -1 0
169 254 -1 0
168 254 -1 0
167 254 -1 0
166 254 -1 0
165 254 -1 0
164 254 -1 0
163 254 -1 0
174 253 -1 0
173 253 -1 0
172 253 -1 0
171 253 -1 0
170 253 -1 0
169 253 -1 0
168 253 -1 0
167 253 -1 0
166 253 -1 0
165 253 -1 0
164 253 -1 0
163 253 -1 0
162 253 -1 0
174 252 -1 0
173 252 -1 0
172 252 -1 0
171 252 -1 0
170 252 -1 0
169 252 -1 0
168 252 -1 0
167 252 -1 0
166 252 -1 0
165 252 -1 0
164 252 -1 0
163 252 -1 0
162 252 -1 0
161 252 -1 0
173 251 -1 0
172 251 -1 0
171 251 -1 0
170 251 -1 0
169 251 -1 0
168 251 -1 0
167 251 -1 0
166 251 -1 0
165 251 -1 0
164 251 -1 0
163 251 -1 0
162 251 -1 0
161 251 -1 0
160 251 -1 0
171 250 -1 0
170 250 -1 0
169 250 -1 0
168 250 -1 0
167 250 -1 0
166 250 -1 0
165 250 -1 0
164 250 -1 0
163 250 -1 0
162 250 -1 0
161 250 -1 0
160 250 -1 0
159 250 -1 0
171 249 -1 0
170 249 -1 0
169 249 -1 0
168 249 -1 0
167 249 -1 0
166 249 -1 0
165 249 -1 0
164 249 -1 0
163 249 -1 0
162 249 -1 0
161 249 -1 0
160 249 -1 0
159 249 -1 0
170 248 -1 0
169 248 -1 0
168 248 -1 0
167 248 -1 0
166 248 -1 0
165 248 -1 0
164 248 -1 0
163 248 -1 0
162 248 -1 0
161 248 -1 0
160 248 -1 0
159 248 -1 0
170 247 -1 0
169 247 -1 0
168 247 -1 0
167 247 -1 0
166 247 -1 0
165 247 -1 0
164 247 -1 0
163 247 -1 0
162 247 -1 0
161 247 -1 0
160 247 -1 0
159 247 -1 0
158 247 -1 0
170 246 -1 0
169 246 -1 0
168 246 -1 0
167 246 -1 0
166 246 -1 0
165 246 -1 0
164 246 -1 0
163 246 -1 0
162 246 -1 0
161 246 -1 0
160 246 -1 0
159 246 -1 0
158 246 -1 0
169 245 -1 0
168 245 -1 0
167 245 -1 0
166 245 -1 0
165 245 -1 0
164 245 -1 0
163 245 -1 0
162 245 -1 0
161 245 -1 0
160 245 -1 0
159 245 -1 0
158 245 -1 0
157 245 -1 0
169 244 -1 0
168 244 -1 0
167 244 -1 0
166 244 -1 0
165 244 -1 0
164 244 -1 0
163 244 -1 0
162 244 -1 0
161 244 -1 0
160 244 -1 0
159 244 -1 0
158 244 -1 0
157 244 -1 0
168 243 -1 0
167 243 -1 0
166 243 -1 0
165 243 -1 0
164 243 -1 0
163 243 -1 0
162 243 -1 0
161 243 -1 0
160 243 -1 0
159 243 -1 0
158 243 -1 0
157 243 -1 0
167 242 -1 0
166 242 -1 0
165 242 -1 0
164 242 -1 0
163 242 -1 0
162 242 -1 0
161 242 -1 0
160 242 -1 0
159 242 -1 0
158 242 -1 0
157 242 -1 0
156 242 -1 0
167 241 -1 0
166 241 -1 0
165 241 -1 0
164 241 -1 0
163 241 -1 0
162 241 -1 0
161 241 -1 0
160 241 -1 0
159 241 -1 0
158 241 -1 0
157 241 -1 0
167 240 -1 0
166 240 -1 0
165 240 -1 0
164 240 -1 0
163 240 -1 0
162 240 -1 0
161 240 -1 0
160 240 -1 0
159 240 -1 0
158 240 -1 0
157 240 -1 0
156 240 -1 0
166 239 -1 0
165 239 -1 0
164 239 -1 0
163 239 -1 0
162 239 -1 0
161 239 -1 0
160 239 -1 0
159 239 -1 0
158 239 -1 0
157 239 -1 0
156 239 -1 0
166 238 -1 0
165 238 -1 0
164 238 -1 0
163 238 -1 0
162 238 -1 0
161 238 -1 0
160 238 -1 0
159 238 -1 0
158 238 -1 0
157 238 -1 0
156 238 -1 0
165 237 -1 0
164 237 -1 0
163 237 -1 0
162 237 -1 0
161 237 -1 0
160 237 -1 0
159 237 -1 0
158 237 -1 0
157 237 -1 0
156 237 -1 0
155 237 -1 0
165 236 -1 0
164 236 -1 0
163 236 -1 0
162 236 -1 0
161 236 -1 0
160 236 -1 0
159 236 -1 0
158 236 -1 0
157 236 -1 0
156 236 -1 0
155 236 -1 0
154 236 -1 0
165 235 -1 0
164 235 -1 0
163 235 -1 0
162 235 -1 0
161 235 -1 0
160 235 -1 0
159 235 -1 0
158 235 -1 0
157 235 -1 0
156 235 -1 0
155 235 -1 0
154 235 -1 0
164 234 -1 0
163 234 -1 0
162 234 -1 0
161 234 -1 0
160 234 -1 0
159 234 -1 0
158 234 -1 0
157 234 -1 0
156 234 -1 0
155 234 -1 0
154 234 -1 0
163 233 -1 0
162 233 -1 0
161 233 -1 0
160 233 -1 0
159 233 -1 0
158 233 -1 0
157 233 -1 0
156 233 -1 0
155 233 -1 0
154 233 -1 0
153 233 -1 0
163 232 -1 0
162 232 -1 0
161 232 -1 0
160 232 -1 0
159 232 -1 0
158 232 -1 0
157 232 -1 0
156 232 -1 0
155 232 -1 0
154 232 -1 0
153 232 -1 0
162 231 -1 0
161 231 -1 0
160 231 -1 0
159 231 -1 0
158 231 -1 0
157 231 -1 0
156 231 -1 0
155 231 -1 0
154 231 -1 0
162 230 -1 0
161 230 -1 0
160 230 -1 0
159 230 -1 0
158 230 -1 0
157 230 -1 0
156 230 -1 0
155 230 -1 0
154 230 -1 0
162 229 -1 0
161 229 -1 0
160 229 -1 0
159 229 -1 0
158 229 -1 0
157 229 -1 0
156 229 -1 0
155 229 -1 0
154 229 -1 0
161 228 -1 0
160 228 -1 0
159 228 -1 0
158 228 -1 0
157 228 -1 0
156 228 -1 0
155 228 -1 0
154 228 -1 0
153 228 -1 0
161 227 -1 0
160 227 -1 0
159 227 -1 0
158 227 -1 0
157 227 -1 0
156 227 -1 0
155 227 -1 0
154 227 -1 0
153 227 -1 0
161 226 -1 0
160 226 -1 0
159 226 -1 0
158 226 -1 0
157 226 -1 0
156 226 -1 0
155 226 -1 0
154 226 -1 0
153 226 -1 0
162 225 -1 0
161 225 -1 0
160 225 -1 0
159 225 -1 0
158 225 -1 0
157 225 -1 0
156 225 -1 0
155 225 -1 0
154 225 -1 0
153 225 -1 0
152 225 -1 0
161 224 -1 0
160 224 -1 0
159 224 -1 0
158 224 -1 0
157 224 -1 0
156 224 -1 0
155 224 -1 0
154 224 -1 0
153 224 -1 0
152 224 -1 0
161 223 -1 0
160 223 -1 0
159 223 -1 0
158 223 -1 0
157 223 -1 0
156 223 -1 0
155 223 -1 0
154 223 -1 0
153 223 -1 0
152 223 -1 0
161 222 -1 0
160 222 -1 0
159 222 -1 0
158 222 -1 0
157 222 -1 0
156 222 -1 0
155 222 -1 0
154 222 -1 0
153 222 -1 0
152 222 -1 0
151 222 -1 0
160 221 -1 0
159 221 -1 0
158 221 -1 0
157 221 -1 0
156 221 -1 0
155 221 -1 0
154 221 -1 0
153 221 -1 0
152 221 -1 0
160 220 -1 0
159 220 -1 0
158 220 -1 0
157 220 -1 0
156 220 -1 0
155 220 -1 0
154 220 -1 0
153 220 -1 0
152 220 -1 0
160 219 -1 0
159 219 -1 0
158 219 -1 0
157 219 -1 0
156 219 -1 0
155 219 -1 0
154 219 -1 0
153 219 -1 0
152 219 -1 0
159 218 -1 0
158 218 -1 0
157 218 -1 0
156 218 -1 0
155 218 -1 0
154 218 -1 0
153 218 -1 0
152 218 -1 0
159 217 -1 0
158 217 -1 0
157 217 -1 0
156 217 -1 0
155 217 -1 0
154 217 -1 0
153 217 -1 0
152 217 -1 0
151 217 -1 0
159 216 -1 0
158 216 -1 0
157 216 -1 0
156 216 -1 0
155 216 -1 0
154 216 -1 0
153 216 -1 0
152 216 -1 0
151 216 -1 0
159 215 -1 0
158 215 -1 0
157 215 -1 0
156 215 -1 0
155 215 -1 0
154 215 -1 0
153 215 -1 0
152 215 -1 0
151 215 -1 0
160 214 -1 0
159 214 -1 0
158 214 -1 0
157 214 -1 0
156 214 -1 0
155 214 -1 0
154 214 -1 0
153 214 -1 0
152 214 -1 0
151 214 -1 0
150 214 -1 0
160 213 -1 0
159 213 -1 0
158 213 -1 0
157 213 -1 0
156 213 -1 0
155 213 -1 0
154 213 -1 0
153 213 -1 0
152 213 -1 0
151 213 -1 0
150 213 -1 0
149 213 -1 0
159 212 -1 0
158 212 -1 0
157 212 -1 0
156 212 -1 0
155 212 -1 0
154 212 -1 0
153 212 -1 0
152 212 -1 0
151 212 -1 0
150 212 -1 0
149 212 -1 0
159 211 -1 0
158 211 -1 0
157 211 -1 0
156 211 -1 0
155 211 -1 0
154 211 -1 0
153 211 -1 0
152 211 -1 0
151 211 -1 0
150 211 -1 0
149 211 -1 0
159 210 -1 0
158 210 -1 0
157 210 -1 0
156 210 -1 0
155 210 -1 0
154 210 -1 0
153 210 -1 0
152 210 -1 0
151 210 -1 0
150 210 -1 0
149 210 -1 0
148 210 -1 0
158 209 -1 0
157 209 -1 0
156 209 -1 0
155 209 -1 0
154 209 -1 0
153 209 -1 0
152 209 -1 0
151 209 -1 0
150 209 -1 0
149 209 -1 0
157 208 -1 0
156 208 -1 0
155 208 -1 0
154 208 -1 0
153 208 -1 0
152 208 -1 0
151 208 -1 0
150 208 -1 0
149 208 -1 0
157 207 -1 0
156 207 -1 0
155 207 -1 0
154 207 -1 0
153 207 -1 0
152 207 -1 0
151 207 -1 0
150 207 -1 0
149 207 -1 0
156 206 -1 0
155 206 -1 0
154 206 -1 0
153 206 -1 0
152 206 -1 0
151 206 -1 0
150 206 -1 0
149 206 -1 0
148 206 -1 0
156 205 -1 0
155 205 -1 0
154 205 -1 0
153 205 -1 0
152 205 -1 0
151 205 -1 0
150 205 -1 0
149 205 -1 0
148 205 -1 0
156 204 -1 0
155 204 -1 0
154 204 -1 0
153 204 -1 0
152 204 -1 0
151 204 -1 0
150 204 -1 0
149 204 -1 0
148 204 -1 0
157 203 -1 0
156 203 -1 0
155 203 -1 0
154 203 -1 0
153 203 -1 0
152 203 -1 0
151 203 -1 0
150 203 -1 0
149 203 -1 0
148 203 -1 0
147 203 -1 0
156 202 -1 0
155 202 -1 0
154 202 -1 0
153 202 -1 0
152 202 -1 0
151 202 -1 0
150 202 -1 0
149 202 -1 0
148 202 -1 0
156 201 -1 0
155 201 -1 0
154 201 -1 0
153 201 -1 0
152 201 -1 0
151 201 -1 0
150 201 -1 0
149 201 -1 0
148 201 -1 0
147 201 -1 0
156 200 -1 0
155 200 -1 0
154 200 -1 0
153 200 -1 0
152 200 -1 0
151 200 -1 0
150 200 -1 0
149 200 -1 0
148 200 -1 0
147 200 -1 0
155 199 -1 0
154 199 -1 0
153 199 -1 0
152 199 -1 0
151 199 -1 0
150 199 -1 0
149 199 -1 0
148 199 -1 0
147 199 -1 0
146 199 -1 0
156 198 -1 0
155 198 -1 0
154 198 -1 0
153 198 -1 0
152 198 -1 0
151 198 -1 0
150 198 -1 0
149 198 -1 0
148 198 -1 0
147 198 -1 0
146 198 -1 0
155 197 -1 0
154 197 -1 0
153 197 -1 0
152 197 -1 0
151 197 -1 0
150 197 -1 0
149 197 -1 0
148 197 -1 0
147 197 -1 0
146 197 -1 0
156 196 -1 0
155 196 -1 0
154 196 -1 0
153 196 -1 0
152 196 -1 0
151 196 -1 0
150 196 -1 0
149 196 -1 0
148 196 -1 0
147 196 -1 0
146 196 -1 0
145 196 -1 0
155 195 -1 0
154 195 -1 0
153 195 -1 0
152 195 -1 0
151 195 -1 0
150 195 -1 0
149 195 -1 0
148 195 -1 0
147 195 -1 0
146 195 -1 0
145 195 -1 0
144 195 -1 0
155 194 -1 0
154 194 -1 0
153 194 -1 0
152 194 -1 0
151 194 -1 0
150 194 -1 0
149 194 -1 0
148 194 -1 0
147 194 -1 0
146 194 -1 0
145 194 -1 0
144 194 -1 0
155 193 -1 0
154 193 -1 0
153 193 -1 0
152 193 -1 0
151 193 -1 0
150 193 -1 0
149 193 -1 0
148 193 -1 0
147 193 -1 0
146 193 -1 0
145 193 -1 0
144 193 -1 0
154 192 -1 0
153 192 -1 0
152 192 -1 0
151 192 -1 0
150 192 -1 0
149 192 -1 0
148 192 -1 0
147 192 -1 0
146 192 -1 0
145 192 -1 0
144 192 -1 0
143 192 -1 0
154 191 -1 0
153 191 -1 0
152 191 -1 0
151 191 -1 0
150 191 -1 0
149 191 -1 0
148 191 -1 0
147 191 -1 0
146 191 -1 0
145 191 -1 0
144 191 -1 0
143 191 -1 0
153 190 -1 0
152 190 -1 0
151 190 -1 0
150 190 -1 0
149 190 -1 0
148 190 -1 0
147 190 -1 0
146 190 -1 0
145 190 -1 0
144 190 -1 0
143 190 -1 0
153 189 -1 0
152 189 -1 0
151 189 -1 0
150 189 -1 0
149 189 -1 0
148 189 -1 0
147 189 -1 0
146 189 -1 0
145 189 -1 0
144 189 -1 0
143 189 -1 0
153 188 -1 0
152 188 -1 0
151 188 -1 0
150 188 -1 0
149 188 -1 0
148 188 -1 0
147 188 -1 0
146 188 -1 0
145 188 -1 0
144 188 -1 0
143 188 -1 0
153 187 -1 0
152 187 -1 0
151 187 -1 0
150 187 -1 0
149 187 -1 0
148 187 -1 0
147 187 -1 0
146 187 -1 0
145 187 -1 0
144 187 -1 0
143 187 -1 0
142 187 -1 0
152 186 -1 0
151 186 -1 0
150 186 -1 0
149 186 -1 0
148 186 -1 0
147 186 -1 0
146 186 -1 0
145 186 -1 0
144 186 -1 0
143 186 -1 0
142 186 -1 0
152 185 -1 0
151 185 -1 0
150 185 -1 0
149 185 -1 0
148 185 -1 0
147 185 -1 0
146 185 -1 0
145 185 -1 0
144 185 -1 0
143 185 -1 0
142 185 -1 0
152 184 -1 0
151 184 -1 0
150 184 -1 0
149 184 -1 0
148 184 -1 0
147 184 -1 0
146 184 -1 0
145 184 -1 0
144 184 -1 0
143 184 -1 0
142 184 -1 0
151 183 -1 0
150 183 -1 0
149 183 -1 0
148 183 -1 0
147 183 -1 0
146 183 -1 0
145 183 -1 0
144 183 -1 0
143 183 -1 0
142 183 -1 0
141 183 -1 0
151 182 -1 0
150 182 -1 0
149 182 -1 0
148 182 -1 0
147 182 -1 0
146 182 -1 0
145 182 -1 0
144 182 -1 0
143 182 -1 0
142 182 -1 0
141 182 -1 0
151 181 -1 0
150 181 -1 0
149 181 -1 0
148 181 -1 0
147 181 -1 0
146 181 -1 0
145 181 -1 0
144 181 -1 0
143 181 -1 0
142 181 -1 0
150 180 -1 0
149 180 -1 0
148 180 -1 0
147 180 -1 0
146 180 -1 0
145 180 -1 0
144 180 -1 0
143 180 -1 0
142 180 -1 0
141 180 -1 0
150 179 -1 0
149 179 -1 0
148 179 -1 0
147 179 -1 0
146 179 -1 0
145 179 -1 0
144 179 -1 0
143 179 -1 0
142 179 -1 0
141 179 -1 0
149 178 -1 0
148 178 -1 0
147 178 -1 0
146 178 -1 0
145 178 -1 0
144 178 -1 0
143 178 -1 0
142 178 -1 0
141 178 -1 0
150 177 -1 0
149 177 -1 0
148 177 -1 0
147 177 -1 0
146 177 -1 0
145 177 -1 0
144 177 -1 0
143 177 -1 0
142 177 -1 0
141 177 -1 0
140 177 -1 0
149 176 -1 0
148 176 -1 0
147 176 -1 0
146 176 -1 0
145 176 -1 0
144 176 -1 0
143 176 -1 0
142 176 -1 0
141 176 -1 0
149 175 -1 0
148 175 -1 0
147 175 -1 0
146 175 -1 0
145 175 -1 0
144 175 -1 0
143 175 -1 0
142 175 -1 0
141 175 -1 0
149 174 -1 0
148 174 -1 0
147 174 -1 0
146 174 -1 0
145 174 -1 0
144 174 -1 0
143 174 -1 0
142 174 -1 0
141 174 -1 0
149 173 -1 0
148 173 -1 0
147 173 -1 0
146 173 -1 0
145 173 -1 0
144 173 -1 0
143 173 -1 0
142 173 -1 0
141 173 -1 0
149 172 -1 0
148 172 -1 0
147 172 -1 0
146 172 -1 0
145 172 -1 0
144 172 -1 0
143 172 -1 0
142 172 -1 0
141 172 -1 0
150 171 -1 0
149 171 -1 0
148 171 -1 0
147 171 -1 0
146 171 -1 0
145 171 -1 0
144 171 -1 0
143 171 -1 0
142 171 -1 0
141 171 -1 0
140 171 -1 0
149 170 -1 0
148 170 -1 0
147 170 -1 0
146 170 -1 0
145 170 -1 0
144 170 -1 0
143 170 -1 0
142 170 -1 0
141 170 -1 0
150 169 -1 0
149 169 -1 0
148 169 -1 0
147 169 -1 0
146 169 -1 0
145 169 -1 0
144 169 -1 0
143 169 -1 0
142 169 -1 0
141 169 -1 0
140 169 -1 0
150 168 -1 0
149 168 -1 0
148 168 -1 0
147 168 -1 0
146 168 -1 0
145 168 -1 0
144 168 -1 0
143 168 -1 0
142 168 -1 0
141 168 -1 0
140 168 -1 0
150 167 -1 0
149 167 -1 0
148 167 -1 0
147 167 -1 0
146 167 -1 0
145 167 -1 0
144 167 -1 0
143 167 -1 0
142 167 -1 0
141 167 -1 0
140 167 -1 0
149 166 -1 0
148 166 -1 0
147 166 -1 0
146 166 -1 0
145 166 -1 0
144 166 -1 0
143 166 -1 0
142 166 -1 0
141 166 -1 0
140 166 -1 0
149 165 -1 0
148 165 -1 0
147 165 -1 0
146 165 -1 0
145 165 -1 0
144 165 -1 0
143 165 -1 0
142 165 -1 0
141 165 -1 0
140 165 -1 0
139 165 -1 0
149 164 -1 0
148 164 -1 0
147 164 -1 0
146 164 -1 0
145 164 -1 0
144 164 -1 0
143 164 -1 0
142 164 -1 0
141 164 -1 0
140 164 -1 0
139 164 -1 0
148 163 -1 0
147 163 -1 0
146 163 -1 0
145 163 -1 0
144 163 -1 0
143 163 -1 0
142 163 -1 0
141 163 -1 0
140 163 -1 0
139 163 -1 0
211 162 -1 1
148 162 -1 0
147 162 -1 0
146 162 -1 0
145 162 -1 0
144 162 -1 0
143 162 -1 0
142 162 -1 0
141 162 -1 0
140 162 -1 0
139 162 -1 0
138 162 -1 0
214 161 -1 1
213 161 -1 1
212 161 -1 1
211 161 -1 1
210 161 -1 1
209 161 -1 1
208 161 -1 1
148 161 -1 0
147 161 -1 0
146 161 -1 0
145 161 -1 0
144 161 -1 0
143 161 -1 0
142 161 -1 0
141 161 -1 0
140 161 -1 0
139 161 -1 0
138 161 -1 0
215 160 -1 1
214 160 -1 1
213 160 -1 1
212 160 -1 1
211 160 -1 1
210 160 -1 1
209 160 -1 1
208 160 -1 1
207 160 -1 1
147 160 -1 0
146 160 -1 0
145 160 -1 0
144 160 -1 0
143 160 -1 0
142 160 -1 0
141 160 -1 0
140 160 -1 0
139 160 -1 0
216 159 -1 1
215 159 -1 1
214 159 -1 1
213 159 -1 1
212 159 -1 1
211 159 -1 1
210 159 -1 1
209 159 -1 1
208 159 -1 1
207 159 -1 1
148 159 -1 0
147 159 -1 0
146 159 -1 0
145 159 -1 0
144 159 -1 0
143 159 -1 0
142 159 -1 0
141 159 -1 0
140 159 -1 0
139 159 -1 0
138 159 -1 0
217 158 -1 1
216 158 -1 1
215 158 -1 1
214 158 -1 1
213 158 -1 1
212 158 -1 1
211 158 -1 1
210 158 -1 1
209 158 -1 1
208 158 -1 1
207 158 -1 1
147 158 -1 0
146 158 -1 0
145 158 -1 0
144 158 -1 0
143 158 -1 0
142 158 -1 0
141 158 -1 0
140 158 -1 0
139 158 -1 0
217 157 -1 1
216 157 -1 1
215 157 -1 1
214 157 -1 1
213 157 -1 1
212 157 -1 1
211 157 -1 1
210 157 -1 1
209 157 -1 1
208 157 -1 1
207 157 -1 1
206 157 -1 1
148 157 -1 0
147 157 -1 0
146 157 -1 0
145 157 -1 0
144 157 -1 0
143 157 -1 0
142 157 -1 0
141 157 -1 0
140 157 -1 0
139 157 -1 0
138 157 -1 0
218 156 -1 1
217 156 -1 1
216 156 -1 1
215 156 -1 1
214 156 -1 1
213 156 -1 1
212 156 -1 1
211 156 -1 1
210 156 -1 1
209 156 -1 1
208 156 -1 1
207 156 -1 1
206 156 -1 1
147 156 -1 0
146 156 -1 0
145 156 -1 0
144 156 -1 0
143 156 -1 0
142 156 -1 0
141 156 -1 0
140 156 -1 0
139 156 -1 0
219 155 -1 1
218 155 -1 1
217 155 -1 1
216 155 -1 1
215 155 -1 1
214 155 -1 1
213 155 -1 1
212 155 -1 1
211 155 -1 1
210 155 -1 1
209 155 -1 1
208 155 -1 1
207 155 -1 1
147 155 -1 0
146 155 -1 0
145 155 -1 0
144 155 -1 0
143 155 -1 0
142 155 -1 0
141 155 -1 0
140 155 -1 0
139 155 -1 0
220 154 -1 1
219 154 -1 1
218 154 -1 1
217 154 -1 1
216 154 -1 1
215 154 -1 1
214 154 -1 1
213 154 -1 1
212 154 -1 1
211 154 -1 1
210 154 -1 1
209 154 -1 1
208 154 -1 1
207 154 -1 1
148 154 -1 0
147 154 -1 0
146 154 -1 0
145 154 -1 0
144 154 -1 0
143 154 -1 0
142 154 -1 0
141 154 -1 0
140 154 -1 0
139 154 -1 0
138 154 -1 0
220 153 -1 1
219 153 -1 1
218 153 -1 1
217 153 -1 1
216 153 -1 1
215 153 -1 1
214 153 -1 1
213 153 -1 1
212 153 -1 1
211 153 -1 1
210 153 -1 1
209 153 -1 1
208 153 -1 1
207 153 -1 1
147 153 -1 0
146 153 -1 0
145 153 -1 0
144 153 -1 0
143 153 -1 0
142 153 -1 0
141 153 -1 0
140 153 -1 0
139 153 -1 0
220 152 -1 1
219 152 -1 1
218 152 -1 1
217 152 -1 1
216 152 -1 1
215 152 -1 1
214 152 -1 1
213 152 -1 1
212 152 -1 1
211 152 -1 1
210 152 -1 1
209 152 -1 1
208 152 -1 1
148 152 -1 0
147 152 -1 0
146 152 -1 0
145 152 -1 0
144 152 -1 0
143 152 -1 0
142 152 -1 0
141 152 -1 0
140 152 -1 0
139 152 -1 0
138 152 -1 0
221 151 -1 1
220 151 -1 1
219 151 -1 1
218 151 -1 1
217 151 -1 1
216 151 -1 1
215 151 -1 1
214 151 -1 1
213 151 -1 1
212 151 -1 1
211 151 -1 1
210 151 -1 1
209 151 -1 1
148 151 -1 0
147 151 -1 0
146 151 -1 0
145 151 -1 0
144 151 -1 0
143 151 -1 0
142 151 -1 0
141 151 -1 0
140 151 -1 0
139 151 -1 0
138 151 -1 0
221 150 -1 1
220 150 -1 1
219 150 -1 1
218 150 -1 1
217 150 -1 1
216 150 -1 1
215 150 -1 1
214 150 -1 1
213 150 -1 1
212 150 -1 1
211 150 -1 1
210 150 -1 1
209 150 -1 1
147 150 -1 0
146 150 -1 0
145 150 -1 0
144 150 -1 0
143 150 -1 0
142 150 -1 0
141 150 -1 0
140 150 -1 0
139 150 -1 0
224 149 -1 1
223 149 -1 1
222 149 -1 1
221 149 -1 1
220 149 -1 1
219 149 -1 1
218 149 -1 1
217 149 -1 1
216 149 -1 1
215 149 -1 1
214 149 -1 1
213 149 -1 1
212 149 -1 1
211 149 -1 1
210 149 -1 1
148 149 -1 0
147 149 -1 0
146 149 -1 0
145 149 -1 0
144 149 -1 0
143 149 -1 0
142 149 -1 0
141 149 -1 0
140 149 -1 0
139 149 -1 0
138 149 -1 0
225 148 -1 1
224 148 -1 1
223 148 -1 1
222 148 -1 1
221 148 -1 1
220 148 -1 1
219 148 -1 1
218 148 -1 1
217 148 -1 1
216 148 -1 1
215 148 -1 1
214 148 -1 1
213 148 -1 1
212 148 -1 1
211 148 -1 1
147 148 -1 0
146 148 -1 0
145 148 -1 0
144 148 -1 0
143 148 -1 0
142 148 -1 0
141 148 -1 0
140 148 -1 0
139 148 -1 0
225 147 -1 1
224 147 -1 1
223 147 -1 1
222 147 -1 1
221 147 -1 1
220 147 -1 1
219 147 -1 1
218 147 -1 1
217 147 -1 1
216 147 -1 1
215 147 -1 1
214 147 -1 1
213 147 -1 1
148 147 -1 0
147 147 -1 0
146 147 -1 0
145 147 -1 0
144 147 -1 0
143 147 -1 0
142 147 -1 0
141 147 -1 0
140 147 -1 0
139 147 -1 0
138 147 -1 0
225 146 -1 1
224 146 -1 1
223 146 -1 1
222 146 -1 1
221 146 -1 1
220 146 -1 1
219 146 -1 1
218 146 -1 1
217 146 -1 1
216 146 -1 1
215 146 -1 1
214 146 -1 1
213 146 -1 1
147 146 -1 0
146 146 -1 0
145 146 -1 0
144 146 -1 0
143 146 -1 0
142 146 -1 0
141 146 -1 0
140 146 -1 0
139 146 -1 0
226 145 -1 1
225 145 -1 1
224 145 -1 1
223 145 -1 1
222 145 -1 1
221 145 -1 1
220 145 -1 1
219 145 -1 1
218 145 -1 1
217 145 -1 1
216 145 -1 1
215 145 -1 1
214 145 -1 1
213 145 -1 1
147 145 -1 0
146 145 -1 0
145 145 -1 0
144 145 -1 0
143 145 -1 0
142 145 -1 0
141 145 -1 0
140 145 -1 0
139 145 -1 0
226 144 -1 1
225 144 -1 1
224 144 -1 1
223 144 -1 1
222 144 -1 1
221 144 -1 1
220 144 -1 1
219 144 -1 1
218 144 -1 1
217 144 -1 1
216 144 -1 1
215 144 -1 1
214 144 -1 1
147 144 -1 0
146 144 -1 0
145 144 -1 0
144 144 -1 0
143 144 -1 0
142 144 -1 0
141 144 -1 0
140 144 -1 0
139 144 -1 0
227 143 -1 1
226 143 -1 1
225 143 -1 1
224 143 -1 1
223 143 -1 1
222 143 -1 1
221 143 -1 1
220 143 -1 1
219 143 -1 1
218 143 -1 1
217 143 -1 1
148 143 -1 0
147 143 -1 0
146 143 -1 0
145 143 -1 0
144 143 -1 0
143 143 -1 0
142 143 -1 0
141 143 -1 0
140 143 -1 0
139 143 -1 0
138 143 -1 0
227 142 -1 1
226 142 -1 1
225 142 -1 1
224 142 -1 1
223 142 -1 1
222 142 -1 1
221 142 -1 1
220 142 -1 1
219 142 -1 1
218 142 -1 1
217 142 -1 1
148 142 -1 0
147 142 -1 0
146 142 -1 0
145 142 -1 0
144 142 -1 0
143 142 -1 0
142 142 -1 0
141 142 -1 0
140 142 -1 0
139 142 -1 0
138 142 -1 0
228 141 -1 1
227 141 -1 1
226 141 -1 1
225 141 -1 1
224 141 -1 1
223 141 -1 1
222 141 -1 1
221 141 -1 1
220 141 -1 1
219 141 -1 1
218 141 -1 1
217 141 -1 1
147 141 -1 0
146 141 -1 0
145 141 -1 0
144 141 -1 0
143 141 -1 0
142 141 -1 0
141 141 -1 0
140 141 -1 0
139 141 -1 0
228 140 -1 1
227 140 -1 1
226 140 -1 1
225 140 -1 1
224 140 -1 1
223 140 -1 1
222 140 -1 1
221 140 -1 1
220 140 -1 1
219 140 -1 1
218 140 -1 1
147 140 -1 0
146 140 -1 0
145 140 -1 0
144 140 -1 0
143 140 -1 0
142 140 -1 0
141 140 -1 0
140 140 -1 0
139 140 -1 0
228 139 -1 1
227 139 -1 1
226 139 -1 1
225 139 -1 1
224 139 -1 1
223 139 -1 1
222 139 -1 1
221 139 -1 1
220 139 -1 1
219 139 -1 1
218 139 -1 1
148 139 -1 0
147 139 -1 0
146 139 -1 0
145 139 -1 0
144 139 -1 0
143 139 -1 0
142 139 -1 0
141 139 -1 0
140 139 -1 0
139 139 -1 0
138 139 -1 0
229 138 -1 1
228 138 -1 1
227 138 -1 1
226 138 -1 1
225 138 -1 1
224 138 -1 1
223 138 -1 1
222 138 -1 1
221 138 -1 1
220 138 -1 1
219 138 -1 1
218 138 -1 1
148 138 -1 0
147 138 -1 0
146 138 -1 0
145 138 -1 0
144 138 -1 0
143 138 -1 0
142 138 -1 0
141 138 -1 0
140 138 -1 0
139 138 -1 0
138 138 -1 0
228 137 -1 1
227 137 -1 1
226 137 -1 1
225 137 -1 1
224 137 -1 1
223 137 -1 1
222 137 -1 1
221 137 -1 1
220 137 -1 1
219 137 -1 1
148 137 -1 0
147 137 -1 0
146 137 -1 0
145 137 -1 0
144 137 -1 0
143 137 -1 0
142 137 -1 0
141 137 -1 0
140 137 -1 0
139 137 -1 0
138 137 -1 0
228 136 -1 1
227 136 -1 1
226 136 -1 1
225 136 -1 1
224 136 -1 1
223 136 -1 1
222 136 -1 1
221 136 -1 1
220 136 -1 1
148 136 -1 0
147 136 -1 0
146 136 -1 0
145 136 -1 0
144 136 -1 0
143 136 -1 0
142 136 -1 0
141 136 -1 0
140 136 -1 0
139 136 -1 0
138 136 -1 0
228 135 -1 1
227 135 -1 1
226 135 -1 1
225 135 -1 1
224 135 -1 1
223 135 -1 1
222 135 -1 1
221 135 -1 1
220 135 -1 1
147 135 -1 0
146 135 -1 0
145 135 -1 0
144 135 -1 0
143 135 -1 0
142 135 -1 0
141 135 -1 0
140 135 -1 0
139 135 -1 0
227 134 -1 1
226 134 -1 1
225 134 -1 1
224 134 -1 1
223 134 -1 1
222 134 -1 1
221 134 -1 1
148 134 -1 0
147 134 -1 0
146 134 -1 0
145 134 -1 0
144 134 -1 0
143 134 -1 0
142 134 -1 0
141 134 -1 0
140 134 -1 0
139 134 -1 0
138 134 -1 0
224 133 -1 1
148 133 -1 0
147 133 -1 0
146 133 -1 0
145 133 -1 0
144 133 -1 0
143 133 -1 0
142 133 -1 0
141 133 -1 0
140 133 -1 0
139 133 -1 0
138 133 -1 0
148 132 -1 0
147 132 -1 0
146 132 -1 0
145 132 -1 0
144 132 -1 0
143 132 -1 0
142 132 -1 0
141 132 -1 0
140 132 -1 0
139 132 -1 0
138 132 -1 0
148 131 -1 0
147 131 -1 0
146 131 -1 0
145 131 -1 0
144 131 -1 0
143 131 -1 0
142 131 -1 0
141 131 -1 0
140 131 -1 0
139 131 -1 0
138 131 -1 0
148 130 -1 0
147 130 -1 0
146 130 -1 0
145 130 -1 0
144 130 -1 0
143 130 -1 0
142 130 -1 0
141 130 -1 0
140 130 -1 0
139 130 -1 0
138 130 -1 0
147 129 -1 0
146 129 -1 0
145 129 -1 0
144 129 -1 0
143 129 -1 0
142 129 -1 0
141 129 -1 0
140 129 -1 0
139 129 -1 0
147 128 -1 0
146 128 -1 0
145 128 -1 0
144 128 -1 0
143 128 -1 0
142 128 -1 0
141 128 -1 0
140 128 -1 0
139 128 -1 0
147 127 -1 0
146 127 -1 0
145 127 -1 0
144 127 -1 0
143 127 -1 0
142 127 -1 0
141 127 -1 0
140 127 -1 0
139 127 -1 0
146 126 -1 0
145 126 -1 0
144 126 -1 0
143 126 -1 0
142 126 -1 0
141 126 -1 0
140 126 -1 0
143 125 -1 0
