1339 408 341
241 171 -1 0
244 170 -1 0
243 170 -1 0
242 170 -1 0
241 170 -1 0
240 170 -1 0
239 170 -1 0
238 170 -1 0
245 169 -1 0
244 169 -1 0
243 169 -1 0
242 169 -1 0
241 169 -1 0
240 169 -1 0
239 169 -1 0
238 169 -1 0
237 169 -1 0
245 168 -1 0
244 168 -1 0
243 168 -1 0
242 168 -1 0
241 168 -1 0
240 168 -1 0
239 168 -1 0
238 168 -1 0
237 168 -1 0
245 167 -1 0
244 167 -1 0
243 167 -1 0
242 167 -1 0
241 167 -1 0
240 167 -1 0
239 167 -1 0
238 167 -1 0
237 167 -1 0
246 166 -1 0
245 166 -1 0
244 166 -1 0
243 166 -1 0
242 166 -1 0
241 166 -1 0
240 166 -1 0
239 166 -1 0
238 166 -1 0
237 166 -1 0
236 166 -1 0
245 165 -1 0
244 165 -1 0
243 165 -1 0
242 165 -1 0
241 165 -1 0
240 165 -1 0
239 165 -1 0
238 165 -1 0
237 165 -1 0
246 164 -1 0
245 164 -1 0
244 164 -1 0
243 164 -1 0
242 164 -1 0
241 164 -1 0
240 164 -1 0
239 164 -1 0
238 164 -1 0
237 164 -1 0
236 164 -1 0
246 163 -1 0
245 163 -1 0
244 163 -1 0
243 163 -1 0
242 163 -1 0
241 163 -1 0
240 163 -1 0
239 163 -1 0
238 163 -1 0
237 163 -1 0
236 163 -1 0
246 162 -1 0
245 162 -1 0
244 162 -1 0
243 162 -1 0
242 162 -1 0
241 162 -1 0
240 162 -1 0
239 162 -1 0
238 162 -1 0
237 162 -1 0
236 162 -1 0
246 161 -1 0
245 161 -1 0
244 161 -1 0
243 161 -1 0
242 161 -1 0
241 161 -1 0
240 161 -1 0
239 161 -1 0
238 161 -1 0
237 161 -1 0
236 161 -1 0
245 160 -1 0
244 160 -1 0
243 160 -1 0
242 160 -1 0
241 160 -1 0
240 160 -1 0
239 160 -1 0
238 160 -1 0
237 160 -1 0
246 159 -1 0
245 159 -1 0
244 159 -1 0
243 159 -1 0
242 159 -1 0
241 159 -1 0
240 159 -1 0
239 159 -1 0
238 159 -1 0
237 159 -1 0
236 159 -1 0
246 158 -1 0
245 158 -1 0
244 158 -1 0
243 158 -1 0
242 158 -1 0
241 158 -1 0
240 158 -1 0
239 158 -1 0
238 158 -1 0
237 158 -1 0
236 158 -1 0
246 157 -1 0
245 157 -1 0
244 157 -1 0
243 157 -1 0
242 157 -1 0
241 157 -1 0
240 157 -1 0
239 157 -1 0
238 157 -1 0
237 157 -1 0
236 157 -1 0
246 156 -1 0
245 156 -1 0
244 156 -1 0
243 156 -1 0
242 156 -1 0
241 156 -1 0
240 156 -1 0
239 156 -1 0
238 156 -1 0
237 156 -1 0
236 156 -1 0
245 155 -1 0
244 155 -1 0
243 155 -1 0
242 155 -1 0
241 155 -1 0
240 155 -1 0
239 155 -1 0
238 155 -1 0
237 155 -1 0
246 154 -1 0
245 154 -1 0
244 154 -1 0
243 154 -1 0
242 154 -1 0
241 154 -1 0
240 154 -1 0
239 154 -1 0
238 154 -1 0
237 154 -1 0
236 154 -1 0
246 153 -1 0
245 153 -1 0
244 153 -1 0
243 153 -1 0
242 153 -1 0
241 153 -1 0
240 153 -1 0
239 153 -1 0
238 153 -1 0
237 153 -1 0
236 153 -1 0
246 152 -1 0
245 152 -1 0
244 152 -1 0
243 152 -1 0
242 152 -1 0
241 152 -1 0
240 152 -1 0
239 152 -1 0
238 152 -1 0
237 152 -1 0
236 152 -1 0
246 151 -1 0
245 151 -1 0
244 151 -1 0
243 151 -1 0
242 151 -1 0
241 151 -1 0
240 151 -1 0
239 151 -1 0
238 151 -1 0
237 151 -1 0
236 151 -1 0
245 150 -1 0
244 150 -1 0
243 150 -1 0
242 150 -1 0
241 150 -1 0
240 150 -1 0
239 150 -1 0
238 150 -1 0
237 150 -1 0
245 149 -1 0
244 149 -1 0
243 149 -1 0
242 149 -1 0
241 149 -1 0
240 149 -1 0
239 149 -1 0
238 149 -1 0
237 149 -1 0
246 148 -1 0
245 148 -1 0
244 148 -1 0
243 148 -1 0
242 148 -1 0
241 148 -1 0
240 148 -1 0
239 148 -1 0
238 148 -1 0
237 148 -1 0
236 148 -1 0
246 147 -1 0
245 147 -1 0
244 147 -1 0
243 147 -1 0
242 147 -1 0
241 147 -1 0
240 147 -1 0
239 147 -1 0
238 147 -1 0
237 147 -1 0
236 147 -1 0
246 146 -1 0
245 146 -1 0
244 146 -1 0
243 146 -1 0
242 146 -1 0
241 146 -1 0
240 146 -1 0
239 146 -1 0
238 146 -1 0
237 146 -1 0
236 146 -1 0
245 145 -1 0
244 145 -1 0
243 145 -1 0
242 145 -1 0
241 145 -1 0
240 145 -1 0
239 145 -1 0
238 145 -1 0
237 145 -1 0
245 144 -1 0
244 144 -1 0
243 144 -1 0
242 144 -1 0
241 144 -1 0
240 144 -1 0
239 144 -1 0
238 144 -1 0
237 144 -1 0
246 143 -1 0
245 143 -1 0
244 143 -1 0
243 143 -1 0
242 143 -1 0
241 143 -1 0
240 143 -1 0
239 143 -1 0
238 143 -1 0
237 143 -1 0
236 143 -1 0
246 142 -1 0
245 142 -1 0
244 142 -1 0
243 142 -1 0
242 142 -1 0
241 142 -1 0
240 142 -1 0
239 142 -1 0
238 142 -1 0
237 142 -1 0
236 142 -1 0
245 141 -1 0
244 141 -1 0
243 141 -1 0
242 141 -1 0
241 141 -1 0
240 141 -1 0
239 141 -1 0
238 141 -1 0
237 141 -1 0
246 140 -1 0
245 140 -1 0
244 140 -1 0
243 140 -1 0
242 140 -1 0
241 140 -1 0
240 140 -1 0
239 140 -1 0
238 140 -1 0
237 140 -1 0
247 139 -1 0
246 139 -1 0
245 139 -1 0
244 139 -1 0
243 139 -1 0
242 139 -1 0
241 139 -1 0
240 139 -1 0
239 139 -1 0
238 139 -1 0
237 139 -1 0
236 139 -1 0
247 138 -1 0
246 138 -1 0
245 138 -1 0
244 138 -1 0
243 138 -1 0
242 138 -1 0
241 138 -1 0
240 138 -1 0
239 138 -1 0
238 138 -1 0
237 138 -1 0
247 137 -1 0
246 137 -1 0
245 137 -1 0
244 137 -1 0
243 137 -1 0
242 137 -1 0
241 137 -1 0
240 137 -1 0
239 137 -1 0
238 137 -1 0
237 137 -1 0
236 137 -1 0
248 136 -1 0
247 136 -1 0
246 136 -1 0
245 136 -1 0
244 136 -1 0
243 136 -1 0
242 136 -1 0
241 136 -1 0
240 136 -1 0
239 136 -1 0
238 136 -1 0
237 136 -1 0
247 135 -1 0
246 135 -1 0
245 135 -1 0
244 135 -1 0
243 135 -1 0
242 135 -1 0
241 135 -1 0
240 135 -1 0
239 135 -1 0
238 135 -1 0
237 135 -1 0
248 134 -1 0
247 134 -1 0
246 134 -1 0
245 134 -1 0
244 134 -1 0
243 134 -1 0
242 134 -1 0
241 134 -1 0
240 134 -1 0
239 134 -1 0
238 134 -1 0
237 134 -1 0
247 133 -1 0
246 133 -1 0
245 133 -1 0
244 133 -1 0
243 133 -1 0
242 133 -1 0
241 133 -1 0
240 133 -1 0
239 133 -1 0
238 133 -1 0
247 132 -1 0
246 132 -1 0
245 132 -1 0
244 132 -1 0
243 132 -1 0
242 132 -1 0
241 132 -1 0
240 132 -1 0
239 132 -1 0
248 131 -1 0
247 131 -1 0
246 131 -1 0
245 131 -1 0
244 131 -1 0
243 131 -1 0
242 131 -1 0
241 131 -1 0
240 131 -1 0
239 131 -1 0
248 130 -1 0
247 130 -1 0
246 130 -1 0
245 130 -1 0
244 130 -1 0
243 130 -1 0
242 130 -1 0
241 130 -1 0
240 130 -1 0
248 129 -1 0
247 129 -1 0
246 129 -1 0
245 129 -1 0
244 129 -1 0
243 129 -1 0
242 129 -1 0
241 129 -1 0
240 129 -1 0
249 128 -1 0
248 128 -1 0
247 128 -1 0
246 128 -1 0
245 128 -1 0
244 128 -1 0
243 128 -1 0
242 128 -1 0
241 128 -1 0
240 128 -1 0
239 128 -1 0
249 127 -1 0
248 127 -1 0
247 127 -1 0
246 127 -1 0
245 127 -1 0
244 127 -1 0
243 127 -1 0
242 127 -1 0
241 127 -1 0
240 127 -1 0
239 127 -1 0
248 126 -1 0
247 126 -1 0
246 126 -1 0
245 126 -1 0
244 126 -1 0
243 126 -1 0
242 126 -1 0
241 126 -1 0
240 126 -1 0
248 125 -1 0
247 125 -1 0
246 125 -1 0
245 125 -1 0
244 125 -1 0
243 125 -1 0
242 125 -1 0
241 125 -1 0
240 125 -1 0
249 124 -1 0
248 124 -1 0
247 124 -1 0
246 124 -1 0
245 124 -1 0
244 124 -1 0
243 124 -1 0
242 124 -1 0
241 124 -1 0
240 124 -1 0
239 124 -1 0
249 123 -1 0
248 123 -1 0
247 123 -1 0
246 123 -1 0
245 123 -1 0
244 123 -1 0
243 123 -1 0
242 123 -1 0
241 123 -1 0
240 123 -1 0
249 122 -1 0
248 122 -1 0
247 122 -1 0
246 122 -1 0
245 122 -1 0
244 122 -1 0
243 122 -1 0
242 122 -1 0
241 122 -1 0
240 122 -1 0
250 121 -1 0
249 121 -1 0
248 121 -1 0
247 121 -1 0
246 121 -1 0
245 121 -1 0
244 121 -1 0
243 121 -1 0
242 121 -1 0
241 121 -1 0
240 121 -1 0
250 120 -1 0
249 120 -1 0
248 120 -1 0
247 120 -1 0
246 120 -1 0
245 120 -1 0
244 120 -1 0
243 120 -1 0
242 120 -1 0
241 120 -1 0
240 120 -1 0
250 119 -1 0
249 119 -1 0
248 119 -1 0
247 119 -1 0
246 119 -1 0
245 119 -1 0
244 119 -1 0
243 119 -1 0
242 119 -1 0
241 119 -1 0
250 118 -1 0
249 118 -1 0
248 118 -1 0
247 118 -1 0
246 118 -1 0
245 118 -1 0
244 118 -1 0
243 118 -1 0
242 118 -1 0
241 118 -1 0
251 117 -1 0
250 117 -1 0
249 117 -1 0
248 117 -1 0
247 117 -1 0
246 117 -1 0
245 117 -1 0
244 117 -1 0
243 117 -1 0
242 117 -1 0
241 117 -1 0
240 117 -1 0
252 116 -1 0
251 116 -1 0
250 116 -1 0
249 116 -1 0
248 116 -1 0
247 116 -1 0
246 116 -1 0
245 116 -1 0
244 116 -1 0
243 116 -1 0
242 116 -1 0
241 116 -1 0
252 115 -1 0
251 115 -1 0
250 115 -1 0
249 115 -1 0
248 115 -1 0
247 115 -1 0
246 115 -1 0
245 115 -1 0
244 115 -1 0
243 115 -1 0
242 115 -1 0
241 115 -1 0
252 114 -1 0
251 114 -1 0
250 114 -1 0
249 114 -1 0
248 114 -1 0
247 114 -1 0
246 114 -1 0
245 114 -1 0
244 114 -1 0
243 114 -1 0
242 114 -1 0
241 114 -1 0
253 113 -1 0
252 113 -1 0
251 113 -1 0
250 113 -1 0
249 113 -1 0
248 113 -1 0
247 113 -1 0
246 113 -1 0
245 113 -1 0
244 113 -1 0
243 113 -1 0
242 113 -1 0
241 113 -1 0
253 112 -1 0
252 112 -1 0
251 112 -1 0
250 112 -1 0
249 112 -1 0
248 112 -1 0
247 112 -1 0
246 112 -1 0
245 112 -1 0
244 112 -1 0
243 112 -1 0
242 112 -1 0
253 111 -1 0
252 111 -1 0
251 111 -1 0
250 111 -1 0
249 111 -1 0
248 111 -1 0
247 111 -1 0
246 111 -1 0
245 111 -1 0
244 111 -1 0
243 111 -1 0
242 111 -1 0
254 110 -1 0
253 110 -1 0
252 110 -1 0
251 110 -1 0
250 110 -1 0
249 110 -1 0
248 110 -1 0
247 110 -1 0
246 110 -1 0
245 110 -1 0
244 110 -1 0
243 110 -1 0
242 110 -1 0
254 109 -1 0
253 109 -1 0
252 109 -1 0
251 109 -1 0
250 109 -1 0
249 109 -1 0
248 109 -1 0
247 109 -1 0
246 109 -1 0
245 109 -1 0
244 109 -1 0
243 109 -1 0
254 108 -1 0
253 108 -1 0
252 108 -1 0
251 108 -1 0
250 108 -1 0
249 108 -1 0
248 108 -1 0
247 108 -1 0
246 108 -1 0
245 108 -1 0
244 108 -1 0
254 107 -1 0
253 107 -1 0
252 107 -1 0
251 107 -1 0
250 107 -1 0
249 107 -1 0
248 107 -1 0
247 107 -1 0
246 107 -1 0
245 107 -1 0
255 106 -1 0
254 106 -1 0
253 106 -1 0
252 106 -1 0
251 106 -1 0
250 106 -1 0
249 106 -1 0
248 106 -1 0
247 106 -1 0
246 106 -1 0
245 106 -1 0
255 105 -1 0
254 105 -1 0
253 105 -1 0
252 105 -1 0
251 105 -1 0
250 105 -1 0
249 105 -1 0
248 105 -1 0
247 105 -1 0
246 105 -1 0
245 105 -1 0
255 104 -1 0
254 104 -1 0
253 104 -1 0
252 104 -1 0
251 104 -1 0
250 104 -1 0
249 104 -1 0
248 104 -1 0
247 104 -1 0
246 104 -1 0
255 103 -1 0
254 103 -1 0
253 103 -1 0
252 103 -1 0
251 103 -1 0
250 103 -1 0
249 103 -1 0
248 103 -1 0
247 103 -1 0
246 103 -1 0
256 102 -1 0
255 102 -1 0
254 102 -1 0
253 102 -1 0
252 102 -1 0
251 102 -1 0
250 102 -1 0
249 102 -1 0
248 102 -1 0
247 102 -1 0
246 102 -1 0
257 101 -1 0
256 101 -1 0
255 101 -1 0
254 101 -1 0
253 101 -1 0
252 101 -1 0
251 101 -1 0
250 101 -1 0
249 101 -1 0
248 101 -1 0
247 101 -1 0
246 101 -1 0
257 100 -1 0
256 100 -1 0
255 100 -1 0
254 100 -1 0
253 100 -1 0
252 100 -1 0
251 100 -1 0
250 100 -1 0
249 100 -1 0
248 100 -1 0
247 100 -1 0
257 99 -1 0
256 99 -1 0
255 99 -1 0
254 99 -1 0
253 99 -1 0
252 99 -1 0
251 99 -1 0
250 99 -1 0
249 99 -1 0
248 99 -1 0
247 99 -1 0
258 98 -1 0
257 98 -1 0
256 98 -1 0
255 98 -1 0
254 98 -1 0
253 98 -1 0
252 98 -1 0
251 98 -1 0
250 98 -1 0
249 98 -1 0
248 98 -1 0
247 98 -1 0
258 97 -1 0
257 97 -1 0
256 97 -1 0
255 97 -1 0
254 97 -1 0
253 97 -1 0
252 97 -1 0
251 97 -1 0
250 97 -1 0
249 97 -1 0
248 97 -1 0
259 96 -1 0
258 96 -1 0
257 96 -1 0
256 96 -1 0
255 96 -1 0
254 96 -1 0
253 96 -1 0
252 96 -1 0
251 96 -1 0
250 96 -1 0
249 96 -1 0
259 95 -1 0
258 95 -1 0
257 95 -1 0
256 95 -1 0
255 95 -1 0
254 95 -1 0
253 95 -1 0
252 95 -1 0
251 95 -1 0
250 95 -1 0
249 95 -1 0
260 94 -1 0
259 94 -1 0
258 94 -1 0
257 94 -1 0
256 94 -1 0
255 94 -1 0
254 94 -1 0
253 94 -1 0
252 94 -1 0
251 94 -1 0
250 94 -1 0
260 93 -1 0
259 93 -1 0
258 93 -1 0
257 93 -1 0
256 93 -1 0
255 93 -1 0
254 93 -1 0
253 93 -1 0
252 93 -1 0
251 93 -1 0
250 93 -1 0
261 92 -1 0
260 92 -1 0
259 92 -1 0
258 92 -1 0
257 92 -1 0
256 92 -1 0
255 92 -1 0
254 92 -1 0
253 92 -1 0
252 92 -1 0
251 92 -1 0
250 92 -1 0
262 91 -1 0
261 91 -1 0
260 91 -1 0
259 91 -1 0
258 91 -1 0
257 91 -1 0
256 91 -1 0
255 91 -1 0
254 91 -1 0
253 91 -1 0
252 91 -1 0
251 91 -1 0
262 90 -1 0
261 90 -1 0
260 90 -1 0
259 90 -1 0
258 90 -1 0
257 90 -1 0
256 90 -1 0
255 90 -1 0
254 90 -1 0
253 90 -1 0
252 90 -1 0
251 90 -1 0
262 89 -1 0
261 89 -1 0
260 89 -1 0
259 89 -1 0
258 89 -1 0
257 89 -1 0
256 89 -1 0
255 89 -1 0
254 89 -1 0
253 89 -1 0
252 89 -1 0
263 88 -1 0
262 88 -1 0
261 88 -1 0
260 88 -1 0
259 88 -1 0
258 88 -1 0
257 88 -1 0
256 88 -1 0
255 88 -1 0
254 88 -1 0
253 88 -1 0
252 88 -1 0
251 88 -1 0
262 87 -1 0
261 87 -1 0
260 87 -1 0
259 87 -1 0
258 87 -1 0
257 87 -1 0
256 87 -1 0
255 87 -1 0
254 87 -1 0
253 87 -1 0
252 87 -1 0
262 86 -1 0
261 86 -1 0
260 86 -1 0
259 86 -1 0
258 86 -1 0
257 86 -1 0
256 86 -1 0
255 86 -1 0
254 86 -1 0
253 86 -1 0
252 86 -1 0
262 85 -1 0
261 85 -1 0
260 85 -1 0
259 85 -1 0
258 85 -1 0
257 85 -1 0
256 85 -1 0
255 85 -1 0
254 85 -1 0
253 85 -1 0
252 85 -1 0
261 84 -1 0
260 84 -1 0
259 84 -1 0
258 84 -1 0
257 84 -1 0
256 84 -1 0
255 84 -1 0
254 84 -1 0
253 84 -1 0
258 83 -1 0
256 83 -1 0
327 23 -1 1
326 23 -1 1
330 22 -1 1
329 22 -1 1
328 22 -1 1
327 22 -1 1
326 22 -1 1
325 22 -1 1
324 22 -1 1
323 22 -1 1
331 21 -1 1
330 21 -1 1
329 21 -1 1
328 21 -1 1
327 21 -1 1
326 21 -1 1
325 21 -1 1
324 21 -1 1
323 21 -1 1
322 21 -1 1
331 20 -1 1
330 20 -1 1
329 20 -1 1
328 20 -1 1
327 20 -1 1
326 20 -1 1
325 20 -1 1
324 20 -1 1
323 20 -1 1
322 20 -1 1
334 19 -1 1
333 19 -1 1
332 19 -1 1
331 19 -1 1
330 19 -1 1
329 19 -1 1
328 19 -1 1
327 19 -1 1
326 19 -1 1
325 19 -1 1
324 19 -1 1
323 19 -1 1
322 19 -1 1
336 18 -1 1
335 18 -1 1
334 18 -1 1
333 18 -1 1
332 18 -1 1
331 18 -1 1
330 18 -1 1
329 18 -1 1
328 18 -1 1
327 18 -1 1
326 18 -1 1
325 18 -1 1
324 18 -1 1
323 18 -1 1
322 18 -1 1
321 18 -1 1
337 17 -1 1
336 17 -1 1
335 17 -1 1
334 17 -1 1
333 17 -1 1
332 17 -1 1
331 17 -1 1
330 17 -1 1
329 17 -1 1
328 17 -1 1
327 17 -1 1
326 17 -1 1
325 17 -1 1
324 17 -1 1
323 17 -1 1
322 17 -1 1
338 16 -1 1
337 16 -1 1
336 16 -1 1
335 16 -1 1
334 16 -1 1
333 16 -1 1
332 16 -1 1
331 16 -1 1
330 16 -1 1
329 16 -1 1
328 16 -1 1
327 16 -1 1
326 16 -1 1
325 16 -1 1
324 16 -1 1
323 16 -1 1
322 16 -1 1
341 15 -1 1
340 15 -1 1
339 15 -1 1
338 15 -1 1
337 15 -1 1
336 15 -1 1
335 15 -1 1
334 15 -1 1
333 15 -1 1
332 15 -1 1
331 15 -1 1
330 15 -1 1
329 15 -1 1
328 15 -1 1
327 15 -1 1
326 15 -1 1
325 15 -1 1
324 15 -1 1
323 15 -1 1
322 15 -1 1
343 14 -1 1
342 14 -1 1
341 14 -1 1
340 14 -1 1
339 14 -1 1
338 14 -1 1
337 14 -1 1
336 14 -1 1
335 14 -1 1
334 14 -1 1
333 14 -1 1
332 14 -1 1
331 14 -1 1
330 14 -1 1
329 14 -1 1
328 14 -1 1
327 14 -1 1
326 14 -1 1
325 14 -1 1
324 14 -1 1
323 14 -1 1
353 13 -1 1
352 13 -1 1
350 13 -1 1
349 13 -1 1
348 13 -1 1
347 13 -1 1
346 13 -1 1
345 13 -1 1
344 13 -1 1
343 13 -1 1
342 13 -1 1
341 13 -1 1
340 13 -1 1
339 13 -1 1
338 13 -1 1
337 13 -1 1
336 13 -1 1
335 13 -1 1
334 13 -1 1
333 13 -1 1
332 13 -1 1
331 13 -1 1
330 13 -1 1
329 13 -1 1
328 13 -1 1
327 13 -1 1
326 13 -1 1
325 13 -1 1
324 13 -1 1
323 13 -1 1
356 12 -1 1
355 12 -1 1
354 12 -1 1
353 12 -1 1
352 12 -1 1
351 12 -1 1
350 12 -1 1
349 12 -1 1
348 12 -1 1
347 12 -1 1
346 12 -1 1
345 12 -1 1
344 12 -1 1
343 12 -1 1
342 12 -1 1
341 12 -1 1
340 12 -1 1
339 12 -1 1
338 12 -1 1
337 12 -1 1
336 12 -1 1
335 12 -1 1
334 12 -1 1
333 12 -1 1
332 12 -1 1
331 12 -1 1
330 12 -1 1
329 12 -1 1
328 12 -1 1
327 12 -1 1
326 12 -1 1
325 12 -1 1
324 12 -1 1
357 11 -1 1
356 11 -1 1
355 11 -1 1
354 11 -1 1
353 11 -1 1
352 11 -1 1
351 11 -1 1
350 11 -1 1
349 11 -1 1
348 11 -1 1
347 11 -1 1
346 11 -1 1
345 11 -1 1
344 11 -1 1
343 11 -1 1
342 11 -1 1
341 11 -1 1
340 11 -1 1
339 11 -1 1
338 11 -1 1
337 11 -1 1
336 11 -1 1
335 11 -1 1
334 11 -1 1
333 11 -1 1
332 11 -1 1
331 11 -1 1
330 11 -1 1
329 11 -1 1
328 11 -1 1
327 11 -1 1
326 11 -1 1
325 11 -1 1
357 10 -1 1
356 10 -1 1
355 10 -1 1
354 10 -1 1
353 10 -1 1
352 10 -1 1
351 10 -1 1
350 10 -1 1
349 10 -1 1
348 10 -1 1
347 10 -1 1
346 10 -1 1
345 10 -1 1
344 10 -1 1
343 10 -1 1
342 10 -1 1
341 10 -1 1
340 10 -1 1
339 10 -1 1
338 10 -1 1
337 10 -1 1
336 10 -1 1
335 10 -1 1
334 10 -1 1
333 10 -1 1
332 10 -1 1
331 10 -1 1
330 10 -1 1
329 10 -1 1
328 10 -1 1
357 9 -1 1
356 9 -1 1
355 9 -1 1
354 9 -1 1
353 9 -1 1
352 9 -1 1
351 9 -1 1
350 9 -1 1
349 9 -1 1
348 9 -1 1
347 9 -1 1
346 9 -1 1
345 9 -1 1
344 9 -1 1
343 9 -1 1
342 9 -1 1
341 9 -1 1
340 9 -1 1
339 9 -1 1
338 9 -1 1
337 9 -1 1
336 9 -1 1
335 9 -1 1
334 9 -1 1
333 9 -1 1
332 9 -1 1
331 9 -1 1
330 9 -1 1
358 8 -1 1
357 8 -1 1
356 8 -1 1
355 8 -1 1
354 8 -1 1
353 8 -1 1
352 8 -1 1
351 8 -1 1
350 8 -1 1
349 8 -1 1
348 8 -1 1
347 8 -1 1
346 8 -1 1
345 8 -1 1
344 8 -1 1
343 8 -1 1
342 8 -1 1
341 8 -1 1
340 8 -1 1
339 8 -1 1
338 8 -1 1
337 8 -1 1
336 8 -1 1
335 8 -1 1
334 8 -1 1
333 8 -1 1
357 7 -1 1
356 7 -1 1
355 7 -1 1
354 7 -1 1
353 7 -1 1
352 7 -1 1
351 7 -1 1
350 7 -1 1
349 7 -1 1
348 7 -1 1
347 7 -1 1
346 7 -1 1
345 7 -1 1
344 7 -1 1
343 7 -1 1
342 7 -1 1
341 7 -1 1
340 7 -1 1
339 7 -1 1
338 7 -1 1
337 7 -1 1
336 7 -1 1
335 7 -1 1
334 7 -1 1
357 6 -1 1
356 6 -1 1
355 6 -1 1
354 6 -1 1
353 6 -1 1
352 6 -1 1
351 6 -1 1
350 6 -1 1
349 6 -1 1
348 6 -1 1
347 6 -1 1
346 6 -1 1
345 6 -1 1
344 6 -1 1
343 6 -1 1
342 6 -1 1
341 6 -1 1
340 6 -1 1
339 6 -1 1
338 6 -1 1
337 6 -1 1
336 6 -1 1
357 5 -1 1
356 5 -1 1
355 5 -1 1
354 5 -1 1
353 5 -1 1
352 5 -1 1
351 5 -1 1
350 5 -1 1
349 5 -1 1
348 5 -1 1
347 5 -1 1
346 5 -1 1
345 5 -1 1
344 5 -1 1
343 5 -1 1
342 5 -1 1
341 5 -1 1
340 5 -1 1
339 5 -1 1
338 5 -1 1
337 5 -1 1
356 4 -1 1
355 4 -1 1
354 4 -1 1
353 4 -1 1
352 4 -1 1
351 4 -1 1
350 4 -1 1
349 4 -1 1
348 4 -1 1
347 4 -1 1
346 4 -1 1
345 4 -1 1
344 4 -1 1
343 4 -1 1
342 4 -1 1
341 4 -1 1
340 4 -1 1
353 3 -1 1
352 3 -1 1
350 3 -1 1
349 3 -1 1
348 3 -1 1
347 3 -1 1
345 3 -1 1
344 3 -1 1
